0.0430	0.9040	0.0430	0.0100
0.8600	0.0870	0.0430	0.0100
0.0430	0.8600	0.0870	0.0100
0.2500	0.5730	0.1670	0.0100
0.5000	0.0830	0.3750	0.0420
0.8550	0.0100	0.1250	0.0100
0.0420	0.1250	0.1250	0.7080
0.7080	0.0830	0.1670	0.0420
0.2080	0.2920	0.1670	0.3330
0.2500	0.1670	0.4580	0.1250
0.0100	0.0420	0.0100	0.9380
0.9700	0.0100	0.0100	0.0100
0.0100	0.0100	0.0100	0.9700
0.0100	0.3330	0.3750	0.2820
0.0100	0.0100	0.9700	0.0100
