0.2270	0.1360	0.1820	0.4550
0.3180	0.2730	0.3180	0.0910
0.2270	0.0100	0.1360	0.6270
0.1360	0.0100	0.3640	0.4900
0.0910	0.0100	0.0910	0.8080
0.0100	0.0100	0.9700	0.0100
0.0910	0.2270	0.5450	0.1370
0.3640	0.0450	0.0910	0.5000
0.4550	0.0910	0.1820	0.2720
0.7270	0.0100	0.0100	0.2530
0.2730	0.2270	0.3180	0.1820
0.1820	0.1820	0.3180	0.3180
0.1820	0.3180	0.1820	0.3180
