0.0100	0.6670	0.2220	0.1010
0.0100	0.6670	0.0100	0.3130
0.0100	0.5560	0.1110	0.3230
0.0100	0.7580	0.2220	0.0100
0.2220	0.3330	0.3330	0.1120
0.4440	0.0100	0.5360	0.0100
0.3330	0.1110	0.4440	0.1120
0.0100	0.5360	0.4440	0.0100
0.0100	0.0100	0.0100	0.9700
0.3330	0.2220	0.1110	0.3340
0.0100	0.0100	0.9700	0.0100
0.0100	0.9700	0.0100	0.0100
0.0100	0.0100	0.9700	0.0100
0.0100	0.0100	0.0100	0.9700
0.0100	0.0100	0.9700	0.0100
0.6670	0.1110	0.1110	0.1110
0.1110	0.3330	0.5460	0.0100
0.6670	0.0100	0.0100	0.3130
