0.0100	0.1430	0.0100	0.8370
0.0100	0.1430	0.8370	0.0100
0.8370	0.1430	0.0100	0.0100
0.4800	0.0100	0.5000	0.0100
0.0100	0.7140	0.1430	0.1330
0.0100	0.8570	0.0100	0.1230
0.0100	0.5710	0.0100	0.4090
0.1430	0.1430	0.0100	0.7040
0.0100	0.0100	0.0100	0.9700
0.0100	0.0100	0.9700	0.0100
0.7800	0.0100	0.2000	0.0100
0.3330	0.4900	0.1670	0.0100
0.2860	0.6940	0.0100	0.0100
0.0100	0.7140	0.0100	0.2660
0.0100	0.5710	0.1430	0.2760
0.4290	0.0100	0.0100	0.5510
