0.0100	0.2860	0.2860	0.4180
0.1430	0.7140	0.0100	0.1330
0.1430	0.2860	0.4290	0.1420
0.4290	0.1430	0.1430	0.2850
0.2860	0.1430	0.4290	0.1420
0.4290	0.0100	0.5510	0.0100
0.1430	0.4290	0.2860	0.1420
0.0100	0.1430	0.5710	0.2760
0.0100	0.9700	0.0100	0.0100
0.9700	0.0100	0.0100	0.0100
0.2860	0.2860	0.2860	0.1420
0.0100	0.2860	0.2860	0.4180
0.0100	0.1430	0.8370	0.0100
0.4290	0.1430	0.1430	0.2850
0.2860	0.0100	0.1430	0.5610
0.0100	0.0100	0.9700	0.0100
0.2860	0.4290	0.1430	0.1420
0.4290	0.0100	0.5510	0.0100
0.1430	0.0100	0.2860	0.5610
0.5610	0.1430	0.2860	0.0100
0.1430	0.1430	0.7040	0.0100
0.2860	0.6940	0.0100	0.0100
0.1430	0.4180	0.4290	0.0100
0.2860	0.0100	0.5710	0.1330
0.1430	0.5610	0.2860	0.0100
0.2860	0.4290	0.0100	0.2750
0.1430	0.4290	0.2860	0.1420
0.0100	0.4290	0.2860	0.2750
