0.1670	0.1670	0.5000	0.1660
0.3330	0.1670	0.3330	0.1670
0.0100	0.1670	0.5000	0.3230
0.1670	0.1670	0.6560	0.0100
0.8330	0.0100	0.0100	0.1470
0.6670	0.0100	0.0100	0.3130
0.0100	0.0100	0.0100	0.9700
0.3330	0.0100	0.0100	0.6470
0.6670	0.1670	0.0100	0.1560
0.3240	0.3330	0.3330	0.0100
0.6560	0.1670	0.1670	0.0100
0.3240	0.3330	0.3330	0.0100
0.0100	0.1670	0.1670	0.6560
0.3330	0.0100	0.3330	0.3240
0.1670	0.3330	0.3330	0.1670
