0.4140	0.1720	0.1380	0.2760
0.3450	0.1720	0.1380	0.3450
0.2760	0.0690	0.2760	0.3790
0.1380	0.1380	0.4480	0.2760
0.1720	0.0690	0.6210	0.1380
0.1380	0.3450	0.2760	0.2410
0.3450	0.0100	0.5520	0.0930
0.0690	0.0690	0.0100	0.8520
0.0340	0.9220	0.0340	0.0100
0.0100	0.0100	0.0100	0.9700
0.0100	0.0100	0.9700	0.0100
0.0100	0.1030	0.8620	0.0250
0.3450	0.4480	0.0340	0.1730
0.5170	0.0340	0.1030	0.3460
0.2070	0.1720	0.1030	0.5180
0.1720	0.1720	0.1380	0.5180
