0.3530	0.2350	0.2350	0.1770
0.4710	0.1180	0.1760	0.2350
0.1760	0.2940	0.1760	0.3540
0.2350	0.3530	0.1760	0.2360
0.2350	0.4120	0.0590	0.2940
0.1180	0.5290	0.0100	0.3430
0.0590	0.8720	0.0590	0.0100
0.9410	0.0100	0.0100	0.0390
0.0590	0.8130	0.1180	0.0100
0.1760	0.7060	0.0100	0.1080
0.0590	0.7060	0.1760	0.0590
0.0100	0.3750	0.3750	0.2400
