0.1540	0.2690	0.3080	0.2690
0.0290	0.1140	0.7430	0.1140
0.1430	0.3810	0.2380	0.2380
0.2620	0.3570	0.3710	0.0100
0.0700	0.0700	0.5810	0.2790
0.0100	0.0850	0.0640	0.8410
0.0100	0.6540	0.3260	0.0100
0.8270	0.0230	0.1400	0.0100
0.2560	0.1160	0.1400	0.4880
0.0100	0.0930	0.7910	0.1060
0.0700	0.6980	0.1630	0.0690
0.0700	0.0700	0.7670	0.0930
0.0100	0.1710	0.1710	0.6480
0.1840	0.1320	0.6050	0.0790
0.2500	0.3440	0.1560	0.2500
0.2000	0.1330	0.4000	0.2670
0.1330	0.4670	0.3670	0.0330
0.3230	0.1610	0.4190	0.0970
0.2760	0.2070	0.2760	0.2410
0.0740	0.4810	0.1480	0.2970
0.2400	0.3600	0.2400	0.1600
