0.4120	0.0980	0.1960	0.2940
0.3330	0.2940	0.1760	0.1970
0.4510	0.2550	0.1960	0.0980
0.2550	0.1960	0.1960	0.3530
0.2350	0.1570	0.2160	0.3920
0.1960	0.2550	0.2550	0.2940
0.0780	0.5490	0.1760	0.1970
0.0590	0.0390	0.8040	0.0980
0.1180	0.0390	0.0100	0.8330
0.0200	0.7450	0.2160	0.0190
0.8630	0.0590	0.0200	0.0580
0.0200	0.8820	0.0100	0.0880
0.0100	0.0100	0.9020	0.0780
0.0200	0.4120	0.4900	0.0780
0.1960	0.0590	0.0100	0.7350
0.1960	0.2940	0.0200	0.4900
0.2940	0.1960	0.2940	0.2160
0.2940	0.2750	0.1570	0.2740
0.2940	0.0980	0.4120	0.1960
0.2550	0.1960	0.2940	0.2550
0.3140	0.1570	0.1760	0.3530
