0.4170	0.1670	0.3330	0.0830
0.3330	0.3330	0.1670	0.1670
0.2920	0.3750	0.2080	0.1250
0.2500	0.6250	0.0830	0.0420
0.7920	0.0420	0.0830	0.0830
0.3330	0.5000	0.0100	0.1570
0.9060	0.0420	0.0420	0.0100
0.9170	0.0420	0.0100	0.0310
0.1670	0.6670	0.1250	0.0410
0.7500	0.1670	0.0420	0.0410
0.2500	0.5420	0.0420	0.1660
0.4170	0.1250	0.3750	0.0830
0.2500	0.2500	0.1670	0.3330
0.5420	0.0830	0.1670	0.2080
