0.0830	0.0100	0.8970	0.0100
0.2500	0.0100	0.7300	0.0100
0.0100	0.0100	0.7500	0.2300
0.0100	0.0100	0.4170	0.5630
0.2500	0.3330	0.3330	0.0840
0.6670	0.0830	0.0830	0.1670
0.4060	0.1670	0.4170	0.0100
0.1670	0.2500	0.3330	0.2500
0.3330	0.0830	0.5000	0.0840
0.3330	0.0100	0.5830	0.0740
0.0830	0.0100	0.8970	0.0100
0.0100	0.0100	0.7500	0.2300
0.3330	0.0830	0.0830	0.5010
0.0100	0.4170	0.5000	0.0730
0.6670	0.0830	0.0830	0.1670
