0.2430	0.4050	0.2160	0.1360
0.0540	0.1350	0.1890	0.6220
0.0810	0.7570	0.1350	0.0270
0.8380	0.0270	0.1080	0.0270
0.9460	0.0100	0.0270	0.0170
0.0270	0.0100	0.9530	0.0100
0.0100	0.0270	0.3510	0.6120
0.0100	0.0100	0.0100	0.9700
0.0100	0.9700	0.0100	0.0100
0.9700	0.0100	0.0100	0.0100
0.9530	0.0270	0.0100	0.0100
0.0100	0.0100	0.9190	0.0610
0.0270	0.0270	0.4590	0.4870
0.0270	0.0270	0.0540	0.8920
0.0100	0.9460	0.0100	0.0340
0.9190	0.0270	0.0270	0.0270
0.2430	0.3780	0.1620	0.2170
0.1620	0.3780	0.1890	0.2710
