0.7830	0.1300	0.0100	0.0770
0.7780	0.0100	0.0100	0.2020
0.1110	0.2590	0.5560	0.0740
0.0360	0.0360	0.0100	0.9180
0.7300	0.0100	0.2500	0.0100
0.0100	0.0100	0.9700	0.0100
0.0100	0.0360	0.9440	0.0100
0.0100	0.0100	0.1070	0.8730
0.0360	0.8110	0.1430	0.0100
0.9700	0.0100	0.0100	0.0100
0.1430	0.6070	0.1070	0.1430
0.2140	0.2500	0.3210	0.2150
0.1070	0.1070	0.6790	0.1070
0.0100	0.0100	0.0100	0.9700
0.0710	0.1790	0.7140	0.0360
0.8470	0.1070	0.0360	0.0100
0.0100	0.9700	0.0100	0.0100
0.0100	0.9700	0.0100	0.0100
0.0100	0.3930	0.0100	0.5870
0.8930	0.0360	0.0100	0.0610
0.1480	0.5560	0.2220	0.0740
0.2590	0.0100	0.0370	0.6940
0.0830	0.0100	0.0100	0.8970
