0.1580	0.3160	0.1050	0.4210
0.2630	0.3160	0.2110	0.2100
0.3160	0.1050	0.4740	0.1050
0.0100	0.0100	0.9700	0.0100
0.0100	0.0100	0.9700	0.0100
0.0100	0.0530	0.0530	0.8840
0.0530	0.6840	0.1050	0.1580
0.8320	0.0530	0.1050	0.0100
0.0100	0.0100	0.0100	0.9700
0.3000	0.0100	0.2000	0.4900
0.1050	0.1050	0.6320	0.1580
0.2110	0.0530	0.7260	0.0100
0.0100	0.0100	0.9700	0.0100
0.0100	0.0100	0.9700	0.0100
0.0100	0.0100	0.1050	0.8750
0.0100	0.5260	0.3680	0.0960
0.6320	0.0100	0.2110	0.1470
0.2780	0.1670	0.3890	0.1660
0.0560	0.0560	0.6670	0.2210
