0.1250	0.2500	0.0100	0.6150
0.2500	0.0100	0.6250	0.1150
0.0100	0.1250	0.7500	0.1150
0.0100	0.0100	0.9700	0.0100
0.0100	0.0100	0.9700	0.0100
0.0100	0.0100	0.0100	0.9700
0.0100	0.5000	0.0100	0.4800
0.8550	0.1250	0.0100	0.0100
0.0100	0.7500	0.1250	0.1150
0.0100	0.2500	0.1250	0.6150
0.2500	0.2500	0.3750	0.1250
0.1250	0.2500	0.5000	0.1250
0.2500	0.4900	0.2500	0.0100
0.0100	0.0100	0.9700	0.0100
0.0100	0.0100	0.7500	0.2300
0.0100	0.0100	0.2500	0.7300
0.0100	0.9700	0.0100	0.0100
0.8550	0.0100	0.1250	0.0100
