0.1430	0.4290	0.2290	0.1990
0.4290	0.2000	0.1430	0.2280
0.2000	0.2290	0.3140	0.2570
0.2000	0.2000	0.0570	0.5430
0.2570	0.2570	0.2290	0.2570
0.3140	0.2000	0.1430	0.3430
0.2000	0.3140	0.0860	0.4000
0.0860	0.1430	0.6570	0.1140
0.2570	0.4860	0.1710	0.0860
0.2860	0.0570	0.5710	0.0860
0.0570	0.0290	0.1140	0.8000
0.0860	0.0290	0.7710	0.1140
0.6570	0.0860	0.1710	0.0860
0.2860	0.1140	0.4000	0.2000
0.2290	0.2290	0.1430	0.3990
