0.0100	0.2310	0.4620	0.2970
0.6150	0.0100	0.0770	0.2980
0.2310	0.1540	0.0770	0.5380
0.0100	0.0100	0.0770	0.9030
0.3080	0.0100	0.6720	0.0100
0.0100	0.0100	0.0100	0.9700
0.0770	0.0100	0.0770	0.8360
0.0100	0.0100	0.1540	0.8260
0.5180	0.0100	0.4620	0.0100
0.0100	0.3080	0.0100	0.6720
0.0100	0.0770	0.0100	0.9030
0.1540	0.0100	0.0770	0.7590
0.5380	0.0100	0.0770	0.3750
