0.0910	0.8540	0.0450	0.0100
0.0450	0.0100	0.0450	0.9000
0.0100	0.0100	0.9700	0.0100
0.7730	0.0100	0.0450	0.1720
0.0100	0.7530	0.2270	0.0100
0.0450	0.8540	0.0910	0.0100
0.0100	0.0450	0.0100	0.9350
0.0100	0.0100	0.9090	0.0710
0.0100	0.0100	0.9090	0.0710
0.8640	0.0450	0.0450	0.0460
0.9350	0.0100	0.0450	0.0100
0.0450	0.8180	0.0910	0.0460
0.0450	0.0450	0.1360	0.7740
0.3640	0.4550	0.0450	0.1360
