0.2380	0.5240	0.1900	0.0480
0.1430	0.3810	0.1900	0.2860
0.0480	0.3810	0.3810	0.1900
0.1900	0.1900	0.3330	0.2870
0.1900	0.2380	0.3330	0.2390
0.0480	0.0480	0.0950	0.8090
0.0950	0.0950	0.7620	0.0480
0.8940	0.0480	0.0480	0.0100
0.7040	0.2380	0.0480	0.0100
0.0480	0.8100	0.0950	0.0470
0.0480	0.7620	0.0950	0.0950
0.2860	0.3330	0.0950	0.2860
