0.2810	0.1560	0.0310	0.5320
0.2500	0.1880	0.0100	0.5520
0.4060	0.0940	0.1560	0.3440
0.2190	0.0630	0.3130	0.4050
0.2190	0.0630	0.3130	0.4050
0.5000	0.1250	0.0310	0.3440
0.3750	0.3130	0.0940	0.2180
0.2500	0.2810	0.0630	0.4060
0.1880	0.0940	0.1560	0.5620
0.0100	0.0100	0.9700	0.0100
0.0100	0.0100	0.9700	0.0100
0.3440	0.0940	0.0100	0.5520
0.3750	0.0940	0.0310	0.5000
0.3750	0.1880	0.1880	0.2490
0.3440	0.0940	0.1880	0.3740
0.3750	0.1250	0.1560	0.3440
0.4060	0.0940	0.0940	0.4060
0.3130	0.2190	0.0630	0.4050
0.0100	0.0100	0.9700	0.0100
0.0100	0.0100	0.9700	0.0100
0.3440	0.1250	0.1560	0.3750
0.0940	0.2810	0.1880	0.4370
0.4380	0.0310	0.1880	0.3430
0.4690	0.2190	0.0630	0.2490
0.5310	0.0940	0.0310	0.3440
0.2810	0.1250	0.1560	0.4380
