0.5000	0.1250	0.2500	0.1250
0.3750	0.2500	0.2500	0.1250
0.1250	0.3750	0.4900	0.0100
0.0100	0.3750	0.3750	0.2400
0.1250	0.8550	0.0100	0.0100
0.0100	0.0100	0.3750	0.6050
0.0100	0.5000	0.1250	0.3650
0.0100	0.0100	0.9700	0.0100
0.0100	0.0100	0.0100	0.9700
0.0100	0.0100	0.9700	0.0100
0.0100	0.3750	0.5000	0.1150
0.1250	0.5000	0.2500	0.1250
0.1250	0.3750	0.1250	0.3750
0.3750	0.3750	0.1250	0.1250
0.2500	0.1250	0.5000	0.1250
