0.3080	0.1540	0.4620	0.0760
0.2670	0.4000	0.2000	0.1330
0.3330	0.1330	0.3330	0.2010
0.2500	0.1880	0.3750	0.1870
0.4000	0.1500	0.4000	0.0500
0.1430	0.2380	0.0100	0.6090
0.0480	0.0100	0.0480	0.8940
0.0100	0.9700	0.0100	0.0100
0.0100	0.0480	0.9320	0.0100
0.0480	0.0100	0.9050	0.0370
0.0950	0.0950	0.6190	0.1910
0.3330	0.1430	0.1430	0.3810
0.4760	0.1430	0.2860	0.0950
0.0950	0.0480	0.0950	0.7620
0.0100	0.2860	0.0100	0.6940
0.0500	0.0100	0.1000	0.8400
0.0100	0.7140	0.0100	0.2660
0.0100	0.8100	0.0100	0.1700
0.0100	0.2350	0.7450	0.0100
0.1180	0.0590	0.6470	0.1760
0.2940	0.1180	0.4710	0.1170
0.4890	0.0630	0.4380	0.0100
0.1880	0.1250	0.2500	0.4370
0.0710	0.0710	0.5710	0.2870
0.2140	0.2860	0.1430	0.3570
