0.4400	0.2400	0.0800	0.2400
0.2800	0.2800	0.2400	0.2000
0.1600	0.0400	0.2800	0.5200
0.0800	0.0400	0.5600	0.3200
0.1200	0.4000	0.3200	0.1600
0.7200	0.0800	0.0400	0.1600
0.5600	0.0100	0.1200	0.3100
0.2800	0.0100	0.0400	0.6700
0.0100	0.0800	0.0100	0.9000
0.1600	0.0100	0.0400	0.7900
0.1200	0.3200	0.1600	0.4000
0.1200	0.3600	0.0400	0.4800
0.1200	0.2800	0.0100	0.5900
0.2000	0.1600	0.3600	0.2800
0.4000	0.0800	0.2000	0.3200
