0.0100	0.1840	0.3160	0.4900
0.0100	0.0500	0.1000	0.8400
0.2750	0.2000	0.4750	0.0500
0.1430	0.1430	0.2620	0.4520
0.5000	0.0100	0.0100	0.4800
0.0950	0.2140	0.0950	0.5960
0.0950	0.1900	0.2620	0.4530
0.0480	0.0480	0.6900	0.2140
0.4520	0.1670	0.2860	0.0950
0.4520	0.2140	0.0480	0.2860
0.0950	0.0100	0.6670	0.2280
0.0950	0.4520	0.2620	0.1910
0.0100	0.0100	0.0100	0.9700
0.9700	0.0100	0.0100	0.0100
0.9700	0.0100	0.0100	0.0100
0.9700	0.0100	0.0100	0.0100
0.1430	0.0950	0.5950	0.1670
0.0950	0.4050	0.0480	0.4520
0.2620	0.0480	0.0100	0.6800
0.0950	0.0480	0.1900	0.6670
0.1430	0.0100	0.5000	0.3470
0.6670	0.0100	0.2380	0.0850
0.2140	0.1900	0.0480	0.5480
0.0480	0.5480	0.0100	0.3940
0.3570	0.0100	0.0480	0.5850
0.2140	0.0480	0.6430	0.0950
0.1670	0.0950	0.1430	0.5950
0.0950	0.0480	0.2140	0.6430
0.0100	0.6430	0.1430	0.2040
