0.0560	0.3890	0.2780	0.2770
0.7780	0.0100	0.1670	0.0450
0.5000	0.0100	0.1670	0.3230
0.6670	0.0100	0.0100	0.3130
0.2220	0.0100	0.1110	0.6570
0.0560	0.0100	0.1110	0.8230
0.0560	0.0100	0.9240	0.0100
0.5560	0.1670	0.0100	0.2670
0.0560	0.0100	0.0100	0.9240
0.9240	0.0560	0.0100	0.0100
0.0100	0.9700	0.0100	0.0100
0.9440	0.0100	0.0100	0.0360
0.2780	0.0100	0.0100	0.7020
0.0100	0.0100	0.0100	0.9700
0.0100	0.1110	0.6110	0.2680
0.3330	0.0100	0.0100	0.6470
