0.1330	0.0330	0.0100	0.8240
0.1000	0.0330	0.2000	0.6670
0.0100	0.0100	0.9670	0.0130
0.1670	0.2000	0.0100	0.6230
0.2330	0.1330	0.0670	0.5670
0.6670	0.0100	0.1670	0.1560
0.0100	0.7670	0.1000	0.1230
0.7670	0.1000	0.0330	0.1000
0.3670	0.0100	0.2330	0.3900
0.0100	0.1330	0.0330	0.8240
0.0670	0.0100	0.5000	0.4230
0.1000	0.1330	0.0670	0.7000
0.1330	0.0670	0.2670	0.5330
0.0670	0.0330	0.6330	0.2670
