0.2860	0.0410	0.2450	0.4280
0.3470	0.0820	0.1430	0.4280
0.0610	0.1220	0.0610	0.7560
0.1020	0.1220	0.0610	0.7150
0.0100	0.0100	0.9700	0.0100
0.1840	0.0820	0.0100	0.7240
0.2860	0.0100	0.0410	0.6630
0.8980	0.0100	0.0200	0.0720
0.0100	0.9390	0.0410	0.0100
0.5510	0.0410	0.0100	0.3980
0.1430	0.0100	0.5510	0.2960
0.1020	0.0100	0.0200	0.8680
0.1430	0.0100	0.4290	0.4180
0.0610	0.0100	0.2650	0.6640
0.1840	0.6330	0.0410	0.1420
