0.1820	0.0920	0.2280	0.4980
0.2300	0.1520	0.1580	0.4600
0.3660	0.0780	0.1620	0.3940
0.3720	0.1260	0.3700	0.1320
0.4200	0.3280	0.1740	0.0780
0.6540	0.0580	0.1580	0.1300
0.3480	0.0800	0.2760	0.2960
0.5840	0.1160	0.2580	0.0420
0.8940	0.0100	0.0120	0.0840
0.0160	0.7340	0.2280	0.0220
0.9700	0.0100	0.0100	0.0100
0.9680	0.0100	0.0100	0.0120
0.6020	0.0100	0.0320	0.3560
0.3540	0.0360	0.5700	0.0400
0.2480	0.1740	0.5660	0.0120
0.4480	0.2540	0.1680	0.1300
0.4560	0.2080	0.2180	0.1180
0.2820	0.2700	0.3040	0.1440
0.2640	0.3100	0.1860	0.2400
0.3240	0.2120	0.2140	0.2500
