0.2900	0.1300	0.1400	0.4400
0.1210	0.1410	0.4140	0.3240
0.4500	0.1500	0.3100	0.0900
0.1500	0.0600	0.6500	0.1400
0.1880	0.0400	0.7230	0.0490
0.0710	0.0200	0.8690	0.0400
0.0600	0.0100	0.9200	0.0100
0.0200	0.0100	0.9500	0.0200
0.9600	0.0200	0.0100	0.0100
0.0100	0.0100	0.0100	0.9700
0.0200	0.0100	0.0100	0.9600
0.9390	0.0100	0.0100	0.0410
0.6900	0.0200	0.0800	0.2100
0.2930	0.5250	0.0610	0.1210
0.2630	0.0610	0.1520	0.5240
0.5150	0.2320	0.0910	0.1620
0.2200	0.2400	0.0800	0.4600
