0.9300	0.0100	0.0100	0.0500
0.2680	0.0100	0.0100	0.7120
0.9300	0.0100	0.0100	0.0500
0.1830	0.0100	0.0140	0.7930
0.0420	0.0420	0.0100	0.9060
0.0100	0.5150	0.4650	0.0100
0.0140	0.4510	0.5210	0.0140
0.0140	0.5920	0.3660	0.0280
0.0100	0.4230	0.5570	0.0100
0.4370	0.1270	0.2680	0.1680
0.4790	0.0100	0.0140	0.4970
0.3940	0.0100	0.0100	0.5860
0.8450	0.0100	0.0100	0.1350
0.2680	0.0100	0.0100	0.7120
0.0100	0.0280	0.0100	0.9520
