0.3500	0.0700	0.1200	0.4600
0.1680	0.2480	0.5450	0.0390
0.2600	0.4800	0.1300	0.1300
0.3540	0.2020	0.4040	0.0400
0.0500	0.6300	0.1300	0.1900
0.0100	0.4160	0.0100	0.5640
0.8690	0.1110	0.0100	0.0100
0.9600	0.0100	0.0100	0.0200
0.0400	0.0100	0.0100	0.9400
0.0100	0.0100	0.1110	0.8690
0.5640	0.0100	0.4160	0.0100
0.1900	0.1300	0.6300	0.0500
0.0100	0.4600	0.0600	0.4700
0.1100	0.1000	0.6800	0.1100
0.1010	0.3130	0.4950	0.0910
0.1600	0.1600	0.4900	0.1900
0.3600	0.2000	0.2600	0.1800
