0.1900	0.2300	0.1600	0.4200
0.6100	0.0700	0.0500	0.2700
0.4550	0.0590	0.3070	0.1790
0.2280	0.1290	0.0990	0.5440
0.2400	0.2300	0.0700	0.4600
0.6200	0.1400	0.0800	0.1600
0.7400	0.0300	0.0500	0.1800
0.1100	0.1000	0.0700	0.7200
0.1300	0.1100	0.0400	0.7200
0.7300	0.0300	0.0900	0.1500
0.5400	0.1000	0.0500	0.3100
0.1980	0.1490	0.0990	0.5540
0.5900	0.0700	0.1700	0.1700
0.5000	0.1600	0.2200	0.1200
0.2800	0.1100	0.1400	0.4700
0.2970	0.1880	0.1880	0.3270
0.4000	0.1400	0.2900	0.1700
