0.3600	0.0500	0.0500	0.5400
0.3100	0.2100	0.4000	0.0800
0.2380	0.4260	0.1490	0.1870
0.2800	0.3900	0.1800	0.1500
0.0800	0.3600	0.0400	0.5200
0.0300	0.0300	0.0100	0.9300
0.8690	0.0510	0.0100	0.0700
0.9300	0.0300	0.0300	0.0100
0.0100	0.0300	0.0300	0.9300
0.0710	0.0100	0.0510	0.8680
0.9300	0.0100	0.0300	0.0300
0.5200	0.0400	0.3600	0.0800
0.0700	0.2200	0.1200	0.5900
0.0800	0.2300	0.4200	0.2700
0.1010	0.4040	0.3940	0.1010
0.2500	0.2400	0.2400	0.2700
0.2120	0.3430	0.1410	0.3040
