0.0100	0.9200	0.0600	0.0100
0.1280	0.6540	0.0100	0.2080
0.4740	0.0100	0.4460	0.0700
0.0100	0.0360	0.9440	0.0100
0.2400	0.3440	0.0660	0.3500
0.1540	0.3400	0.1080	0.3980
0.2300	0.2760	0.1940	0.3000
0.3600	0.1840	0.3800	0.0760
0.7480	0.0360	0.1880	0.0280
0.5600	0.0100	0.2920	0.1380
0.0100	0.9540	0.0260	0.0100
0.0920	0.7120	0.0100	0.1860
0.4320	0.0100	0.5300	0.0280
0.0100	0.0100	0.9700	0.0100
0.2360	0.2900	0.0100	0.4640
0.0980	0.3380	0.0540	0.5100
0.1320	0.3320	0.1420	0.3940
