0.3400	0.0900	0.4400	0.1300
0.4500	0.0100	0.4500	0.0900
0.7100	0.0100	0.2600	0.0200
0.0100	0.9700	0.0100	0.0100
0.7230	0.0100	0.2380	0.0290
0.2500	0.0100	0.0200	0.7200
0.0100	0.0100	0.9700	0.0100
0.0100	0.1300	0.0100	0.8500
0.0200	0.7330	0.0100	0.2370
0.1300	0.4000	0.1500	0.3200
0.2900	0.1400	0.4700	0.1000
0.2080	0.0100	0.7430	0.0390
0.8800	0.0100	0.1000	0.0100
0.0100	0.9700	0.0100	0.0100
0.7430	0.0300	0.0200	0.2070
0.0100	0.1800	0.0200	0.7900
0.0100	0.0100	0.9700	0.0100
0.0100	0.3000	0.0100	0.6800
0.0500	0.5900	0.0100	0.3500
0.1300	0.4500	0.0800	0.3400
