0.0100	0.0100	0.1540	0.8260
0.0770	0.0100	0.9030	0.0100
0.9030	0.0100	0.0770	0.0100
0.4620	0.5180	0.0100	0.0100
0.0100	0.9700	0.0100	0.0100
0.0100	0.2310	0.0100	0.7490
0.0100	0.1540	0.0100	0.8260
0.0770	0.0100	0.0100	0.9030
0.1540	0.0100	0.8260	0.0100
0.4510	0.3080	0.2310	0.0100
0.4620	0.3850	0.0770	0.0760
0.0770	0.7690	0.0770	0.0770
0.2310	0.4620	0.0100	0.2970
0.0100	0.2310	0.2310	0.5280
