0.3330	0.0830	0.3330	0.2510
0.3330	0.0100	0.6470	0.0100
0.3330	0.2500	0.2500	0.1670
0.0830	0.1670	0.4170	0.3330
0.1670	0.5830	0.0830	0.1670
0.5830	0.1670	0.0830	0.1670
0.1670	0.4170	0.2500	0.1660
0.0100	0.2500	0.1670	0.5730
0.0830	0.1670	0.6670	0.0830
0.5000	0.0830	0.2500	0.1670
0.5000	0.0100	0.1670	0.3230
0.0100	0.0100	0.9700	0.0100
0.1670	0.6670	0.0830	0.0830
0.2500	0.0100	0.7300	0.0100
0.0830	0.0100	0.3330	0.5740
0.4900	0.0830	0.4170	0.0100
0.4170	0.0830	0.4170	0.0830
0.1670	0.8130	0.0100	0.0100
0.1670	0.4060	0.4170	0.0100
0.4170	0.0100	0.5000	0.0730
