0.2730	0.7070	0.0100	0.0100
0.0910	0.8890	0.0100	0.0100
0.2730	0.7070	0.0100	0.0100
0.0100	0.9700	0.0100	0.0100
0.6160	0.3640	0.0100	0.0100
0.7980	0.1820	0.0100	0.0100
0.7070	0.2730	0.0100	0.0100
0.3640	0.5450	0.0100	0.0810
0.0100	0.9700	0.0100	0.0100
0.9700	0.0100	0.0100	0.0100
0.3640	0.6160	0.0100	0.0100
0.0910	0.8890	0.0100	0.0100
0.2730	0.7070	0.0100	0.0100
0.3640	0.5350	0.0910	0.0100
0.1820	0.7980	0.0100	0.0100
0.3640	0.4550	0.0100	0.1710
0.3640	0.4550	0.0910	0.0900
0.3640	0.5450	0.0100	0.0810
0.0910	0.6260	0.2730	0.0100
0.3640	0.3640	0.1820	0.0900
