0.1070	0.2860	0.5000	0.1070
0.1070	0.0100	0.0100	0.8730
0.6590	0.0100	0.3210	0.0100
0.0100	0.0360	0.9440	0.0100
0.0360	0.0100	0.9290	0.0250
0.0100	0.0360	0.1430	0.8110
0.0710	0.8120	0.1070	0.0100
0.9290	0.0360	0.0100	0.0250
0.1790	0.5360	0.1430	0.1420
0.1790	0.2500	0.3570	0.2140
0.1430	0.0710	0.6430	0.1430
0.0360	0.0100	0.0710	0.8830
0.0710	0.1790	0.7140	0.0360
0.7860	0.1790	0.0100	0.0250
0.0360	0.9440	0.0100	0.0100
0.0100	0.8930	0.0100	0.0870
0.1070	0.4290	0.0100	0.4540
0.7860	0.1790	0.0100	0.0250
0.1790	0.4290	0.2140	0.1780
0.2500	0.0100	0.0360	0.7040
