0.0100	0.9170	0.0630	0.0100
0.0700	0.8080	0.0100	0.1120
0.5950	0.0100	0.2760	0.1190
0.0100	0.0240	0.9560	0.0100
0.1750	0.3360	0.0260	0.4630
0.0980	0.2890	0.0620	0.5510
0.1740	0.3970	0.1510	0.2780
0.3570	0.2250	0.2520	0.1660
0.6320	0.0700	0.1910	0.1070
0.3940	0.0510	0.3100	0.2450
0.0100	0.9250	0.0550	0.0100
0.0620	0.8120	0.0100	0.1160
0.5370	0.0100	0.3060	0.1470
0.0120	0.0290	0.9490	0.0100
