0.1570	0.3730	0.3910	0.0790
0.0410	0.1180	0.0460	0.7950
0.9050	0.0100	0.0100	0.0750
0.0100	0.0260	0.0100	0.9540
0.9100	0.0100	0.0130	0.0670
0.6890	0.0100	0.0100	0.2910
0.9250	0.0100	0.0510	0.0140
0.5710	0.0100	0.1130	0.3060
0.3980	0.1130	0.4040	0.0850
0.1440	0.3470	0.3860	0.1230
0.2130	0.3780	0.3290	0.0800
0.2110	0.3260	0.3290	0.1340
0.2110	0.3030	0.3290	0.1570
0.1750	0.2750	0.3570	0.1930
0.1980	0.2600	0.3600	0.1820
