0.2780	0.2510	0.3870	0.0840
0.3380	0.1910	0.1470	0.3240
0.2530	0.3450	0.0880	0.3140
0.1600	0.2000	0.1540	0.4860
0.5460	0.1390	0.1540	0.1610
0.1150	0.0980	0.7020	0.0850
0.2880	0.1980	0.2670	0.2470
0.3330	0.1100	0.0270	0.5300
0.9090	0.0100	0.0250	0.0560
0.0120	0.0100	0.0230	0.9550
0.9700	0.0100	0.0100	0.0100
0.0380	0.0100	0.0100	0.9420
0.9700	0.0100	0.0100	0.0100
0.0440	0.0100	0.0100	0.9360
0.8850	0.0100	0.0240	0.0810
0.1860	0.0620	0.0940	0.6580
0.2650	0.1220	0.1290	0.4840
0.1370	0.3810	0.3700	0.1120
0.2660	0.2280	0.3840	0.1220
0.3500	0.1760	0.1720	0.3020
0.2490	0.1940	0.2710	0.2860
