0.2610	0.0630	0.5540	0.1220
0.0730	0.8690	0.0290	0.0290
0.0090	0.9860	0.0040	0.0010
0.7460	0.0250	0.1630	0.0660
0.0260	0.6300	0.3340	0.0100
0.1230	0.4830	0.0500	0.3440
0.9210	0.0200	0.0280	0.0310
0.0050	0.0020	0.9910	0.0020
0.3370	0.0030	0.6530	0.0070
0.0350	0.0350	0.6340	0.2960
0.0050	0.0010	0.9900	0.0040
0.0470	0.0130	0.8880	0.0520
0.0680	0.8910	0.0050	0.0360
0.3000	0.0070	0.6870	0.0060
0.0660	0.6520	0.2560	0.0260
0.0860	0.3880	0.0640	0.4620
