0.3240	0.1770	0.3990	0.1000
0.2950	0.1480	0.2530	0.3040
0.4350	0.0560	0.4520	0.0570
0.3100	0.1350	0.3340	0.2210
0.0300	0.2610	0.4100	0.2990
0.0490	0.7920	0.0090	0.1500
0.8370	0.0480	0.0680	0.0470
0.1850	0.1630	0.5200	0.1320
0.0240	0.7140	0.1810	0.0800
0.1410	0.6500	0.1580	0.0510
0.7070	0.0210	0.2380	0.0340
0.5730	0.0380	0.1540	0.2350
0.0100	0.3110	0.6640	0.0150
0.0220	0.7640	0.0390	0.1750
0.3990	0.0340	0.5280	0.0390
0.0400	0.0300	0.1600	0.7700
0.2300	0.0290	0.7090	0.0320
0.6100	0.0720	0.1830	0.1350
0.2450	0.6440	0.0660	0.0450
