0.0730	0.6720	0.0880	0.1670
0.0460	0.7350	0.0460	0.1730
0.8310	0.0180	0.0980	0.0530
0.0160	0.8650	0.0230	0.0960
0.2750	0.0140	0.0180	0.6930
0.0110	0.0250	0.0160	0.9480
0.0210	0.9310	0.0140	0.0340
0.0280	0.9480	0.0100	0.0140
0.0160	0.0240	0.1250	0.8350
0.0300	0.2870	0.5560	0.1270
0.0440	0.3410	0.0370	0.5780
0.1070	0.3590	0.2010	0.3330
0.1740	0.2870	0.1820	0.3580
