0.3260	0.1500	0.3770	0.1470
0.3050	0.0400	0.4620	0.1930
0.4230	0.0120	0.4600	0.1050
0.0030	0.9710	0.0060	0.0200
0.8060	0.0490	0.0570	0.0880
0.4490	0.0160	0.0550	0.4800
0.0020	0.0050	0.9910	0.0020
0.0130	0.3610	0.0030	0.6230
0.0790	0.6900	0.0310	0.1990
0.1390	0.3980	0.0720	0.3910
0.3590	0.1980	0.3280	0.1150
0.3280	0.0480	0.5250	0.0990
0.5300	0.0030	0.3690	0.0980
0.0010	0.9950	0.0000	0.0040
0.5790	0.1060	0.0120	0.3030
0.1100	0.0760	0.0310	0.7830
0.0050	0.0030	0.9900	0.0020
0.0150	0.4560	0.0150	0.5140
0.1370	0.5840	0.0490	0.2300
0.1920	0.2860	0.1010	0.4210
