0.0120	0.0110	0.9660	0.0110
0.0080	0.0060	0.9820	0.0040
0.9590	0.0230	0.0130	0.0050
0.9690	0.0070	0.0140	0.0100
0.0040	0.0040	0.9830	0.0090
0.0130	0.0160	0.9660	0.0050
0.9600	0.0110	0.0220	0.0070
0.9680	0.0060	0.0220	0.0040
0.0080	0.0060	0.9820	0.0040
0.0060	0.0100	0.9760	0.0080
0.9410	0.0310	0.0240	0.0040
0.9660	0.0130	0.0110	0.0100
0.0110	0.0080	0.9760	0.0050
0.0140	0.0110	0.9720	0.0030
0.9580	0.0270	0.0100	0.0050
0.9680	0.0110	0.0130	0.0080
0.0200	0.0060	0.9680	0.0060
0.0140	0.0140	0.9640	0.0080
