0.1910	0.1900	0.3060	0.3130
0.3870	0.0350	0.1600	0.4180
0.9070	0.0210	0.0510	0.0210
0.0380	0.9140	0.0210	0.0270
0.9200	0.0180	0.0450	0.0170
0.0810	0.3370	0.0260	0.5560
0.2590	0.0210	0.6050	0.1150
0.8390	0.0320	0.0560	0.0730
0.0750	0.7950	0.0340	0.0960
0.7790	0.0420	0.0800	0.0990
0.3300	0.2000	0.0500	0.4200
0.1580	0.2160	0.4850	0.1410
