0.2550	0.1170	0.5030	0.1250
0.0520	0.8380	0.0640	0.0460
0.9200	0.0340	0.0290	0.0170
0.0170	0.0100	0.9630	0.0100
0.3560	0.0420	0.2400	0.3620
0.9700	0.0100	0.0100	0.0100
0.9700	0.0100	0.0100	0.0100
0.1990	0.0100	0.7810	0.0100
0.9040	0.0100	0.0760	0.0100
0.7520	0.2180	0.0100	0.0200
0.0110	0.0230	0.9560	0.0100
0.0200	0.0120	0.0410	0.9270
0.9290	0.0100	0.0160	0.0450
0.4100	0.0100	0.0100	0.5700
0.6280	0.1430	0.0100	0.2190
0.3080	0.6250	0.0100	0.0570
