0.0660	0.1660	0.5400	0.2280
0.6750	0.1340	0.1810	0.0100
0.0330	0.9380	0.0100	0.0190
0.0320	0.9220	0.0140	0.0320
0.0960	0.8110	0.0100	0.0830
0.0100	0.9700	0.0100	0.0100
0.0100	0.9700	0.0100	0.0100
0.0100	0.6800	0.0100	0.3000
0.0890	0.0200	0.8810	0.0100
0.0180	0.8200	0.0280	0.1340
0.0690	0.1000	0.2040	0.6270
0.0130	0.0100	0.9640	0.0130
0.1200	0.4450	0.0650	0.3700
0.0120	0.0100	0.8830	0.0950
0.2790	0.3920	0.0650	0.2640
