0.9130	0.0100	0.0230	0.0540
0.0160	0.0240	0.0110	0.9490
0.0230	0.8970	0.0160	0.0640
0.2890	0.0110	0.6900	0.0100
0.9600	0.0100	0.0120	0.0180
0.0730	0.0290	0.0100	0.8880
0.3690	0.2960	0.1020	0.2330
0.4190	0.2570	0.1580	0.1660
0.2500	0.3090	0.2720	0.1690
0.2380	0.3170	0.2540	0.1910
0.2090	0.1580	0.1940	0.4390
0.3650	0.0680	0.3810	0.1860
0.9250	0.0100	0.0280	0.0370
0.0130	0.0220	0.0110	0.9540
0.0150	0.9430	0.0110	0.0310
0.4070	0.0160	0.5650	0.0120
0.9460	0.0120	0.0160	0.0260
0.0720	0.0180	0.0100	0.9000
