0.1290	0.5710	0.0750	0.2250
0.3410	0.3230	0.2500	0.0860
0.7150	0.1290	0.0990	0.0570
0.0100	0.0100	0.0100	0.9700
0.0100	0.0290	0.0100	0.9510
0.9430	0.0100	0.0100	0.0370
0.7170	0.0480	0.0620	0.1730
0.6420	0.0750	0.0630	0.2200
0.4240	0.0320	0.0490	0.4950
0.6390	0.0730	0.1140	0.1740
0.2720	0.2860	0.2590	0.1830
0.0980	0.7160	0.0870	0.0990
0.2790	0.2310	0.4570	0.0330
0.6820	0.1570	0.0760	0.0850
0.0100	0.0100	0.0100	0.9700
0.0110	0.0340	0.0100	0.9450
0.8970	0.0100	0.0170	0.0760
