0.2760	0.3220	0.1030	0.2990
0.4790	0.1750	0.0680	0.2780
0.1510	0.1090	0.0340	0.7060
0.2760	0.0740	0.5420	0.1080
0.4520	0.4870	0.0210	0.0400
0.7550	0.0620	0.0380	0.1450
0.0650	0.0350	0.0150	0.8850
0.9060	0.0170	0.0100	0.0670
0.1940	0.0700	0.0380	0.6980
0.0700	0.0340	0.4520	0.4440
0.1080	0.6950	0.0380	0.1590
0.7500	0.0790	0.0540	0.1170
0.4260	0.1340	0.1030	0.3370
0.4430	0.1870	0.1600	0.2100
