0.1700	0.0980	0.2090	0.5230
0.1000	0.0760	0.0580	0.7660
0.2760	0.0200	0.0550	0.6490
0.0300	0.7050	0.0160	0.2490
0.7970	0.1570	0.0340	0.0120
0.0100	0.9010	0.0100	0.0790
0.0100	0.0100	0.9700	0.0100
0.0100	0.9140	0.0660	0.0100
0.5380	0.0570	0.0100	0.3950
0.0100	0.0540	0.0100	0.9260
0.0100	0.2110	0.7690	0.0100
0.8020	0.0100	0.1780	0.0100
0.2730	0.3580	0.2280	0.1410
0.0100	0.0730	0.0100	0.9070
0.1130	0.0100	0.8260	0.0510
0.4390	0.4380	0.1130	0.0100
0.4160	0.0950	0.3060	0.1830
0.0200	0.6330	0.0100	0.3370
0.4100	0.1950	0.0590	0.3360
