0.6160	0.1380	0.1230	0.1230
0.2170	0.0580	0.5800	0.1450
0.0100	0.0480	0.0100	0.9320
0.0100	0.0100	0.9700	0.0100
0.0100	0.0100	0.0100	0.9700
0.0100	0.0100	0.0100	0.9700
0.7710	0.0100	0.1720	0.0470
0.9170	0.0100	0.0100	0.0630
0.0100	0.9700	0.0100	0.0100
0.7440	0.0140	0.0100	0.2320
0.0180	0.0100	0.9620	0.0100
0.9700	0.0100	0.0100	0.0100
0.7770	0.0100	0.2030	0.0100
0.0100	0.9700	0.0100	0.0100
0.9320	0.0480	0.0100	0.0100
0.0100	0.9630	0.0100	0.0170
0.0100	0.8710	0.0340	0.0850
0.0170	0.2370	0.0680	0.6780
