0.1380	0.2160	0.0720	0.5740
0.6300	0.1920	0.0820	0.0960
0.8620	0.0520	0.0330	0.0530
0.0160	0.0370	0.0210	0.9260
0.0730	0.0630	0.0540	0.8100
0.8480	0.0190	0.0330	0.1000
0.3650	0.1450	0.4250	0.0650
0.1010	0.4280	0.1870	0.2840
0.1590	0.0400	0.0490	0.7520
0.8700	0.0200	0.0680	0.0420
0.9330	0.0130	0.0430	0.0110
0.0940	0.0390	0.0610	0.8060
0.1430	0.0550	0.2930	0.5090
0.5920	0.0580	0.2460	0.1040
