0.0450	0.0470	0.8050	0.1030
0.6790	0.1920	0.1190	0.0100
0.0390	0.9410	0.0100	0.0100
0.0100	0.9700	0.0100	0.0100
0.7660	0.0900	0.0550	0.0890
0.0100	0.9700	0.0100	0.0100
0.3220	0.6580	0.0100	0.0100
0.0850	0.7920	0.0160	0.1070
0.8140	0.0180	0.1440	0.0240
0.1900	0.5460	0.1350	0.1290
0.3100	0.1830	0.4150	0.0920
0.3460	0.1450	0.2320	0.2770
0.2740	0.3630	0.1170	0.2460
0.1190	0.1980	0.5500	0.1330
