0.2320	0.0910	0.0730	0.6040
0.1680	0.0200	0.0430	0.7690
0.1250	0.7880	0.0770	0.0100
0.0100	0.0730	0.7710	0.1460
0.8980	0.0610	0.0100	0.0310
0.7060	0.0450	0.0290	0.2200
0.3450	0.3010	0.1320	0.2220
0.2640	0.4000	0.2340	0.1020
0.4000	0.1210	0.4220	0.0570
0.2770	0.0710	0.0580	0.5940
0.0590	0.0460	0.0170	0.8780
0.1330	0.8140	0.0430	0.0100
0.0100	0.1490	0.6870	0.1540
0.8390	0.0790	0.0250	0.0570
0.6350	0.0860	0.0690	0.2100
