0.0190	0.3980	0.0200	0.5630
0.7730	0.1500	0.0430	0.0340
0.9300	0.0100	0.0410	0.0190
0.0190	0.0160	0.0260	0.9390
0.0270	0.0350	0.0210	0.9170
0.8170	0.0110	0.1390	0.0330
0.3290	0.3380	0.1610	0.1720
0.2420	0.2280	0.4480	0.0820
0.0650	0.7120	0.0920	0.1310
0.0520	0.0560	0.0100	0.8820
0.9360	0.0280	0.0220	0.0140
0.9680	0.0100	0.0120	0.0100
0.0100	0.0210	0.0100	0.9590
0.0290	0.0190	0.1630	0.7890
0.5780	0.0100	0.3940	0.0180
