0.2030	0.2040	0.5270	0.0660
0.0100	0.0330	0.9470	0.0100
0.0110	0.2420	0.0100	0.7370
0.0100	0.0100	0.9700	0.0100
0.0810	0.1630	0.0130	0.7430
0.0150	0.0900	0.7760	0.1190
0.9330	0.0100	0.0320	0.0250
0.7020	0.0710	0.1140	0.1130
0.6020	0.0370	0.0580	0.3030
0.2580	0.0450	0.1510	0.5460
0.1670	0.0690	0.1300	0.6340
0.0200	0.0230	0.0100	0.9470
0.1770	0.6760	0.1240	0.0230
0.7910	0.0100	0.1450	0.0540
0.0100	0.9700	0.0100	0.0100
0.7940	0.0240	0.1720	0.0100
0.0100	0.9560	0.0240	0.0100
0.0270	0.5570	0.1700	0.2460
