0.2860	0.1640	0.1870	0.3630
0.2780	0.0660	0.6370	0.0190
0.1830	0.1150	0.0400	0.6620
0.4260	0.3820	0.0190	0.1730
0.9350	0.0200	0.0170	0.0280
0.8870	0.0230	0.0230	0.0670
0.0100	0.1850	0.0100	0.7950
0.8210	0.0100	0.1590	0.0100
0.0790	0.0130	0.0310	0.8770
0.0420	0.0190	0.0230	0.9160
0.0820	0.0160	0.4960	0.4060
0.6860	0.0420	0.0950	0.1770
0.0220	0.6500	0.0570	0.2710
0.4150	0.1480	0.1660	0.2710
