0.0230	0.0920	0.0150	0.8700
0.2700	0.5410	0.1540	0.0350
0.7610	0.0120	0.1710	0.0560
0.0100	0.9700	0.0100	0.0100
0.8790	0.0100	0.1010	0.0100
0.0190	0.9500	0.0210	0.0100
0.1010	0.6200	0.1310	0.1480
0.0790	0.1290	0.0350	0.7570
0.2460	0.2630	0.1540	0.3370
0.2770	0.2160	0.2550	0.2520
0.3700	0.0890	0.3310	0.2100
0.7640	0.0280	0.1380	0.0700
0.1270	0.1030	0.6800	0.0900
0.0100	0.0280	0.9460	0.0160
0.0100	0.0880	0.0120	0.8900
0.0100	0.0100	0.9700	0.0100
0.0790	0.1600	0.0130	0.7480
0.0310	0.0740	0.7170	0.1780
0.8800	0.0100	0.0920	0.0180
