0.2280	0.3670	0.0920	0.3130
0.5620	0.1560	0.0430	0.2390
0.1230	0.0490	0.0160	0.8120
0.2600	0.0490	0.6120	0.0790
0.5050	0.4620	0.0100	0.0230
0.8140	0.0450	0.0250	0.1160
0.0760	0.0240	0.0100	0.8900
0.9260	0.0100	0.0100	0.0540
0.1520	0.0470	0.0250	0.7760
0.0440	0.0240	0.4320	0.5000
0.0820	0.7430	0.0280	0.1470
0.8450	0.0350	0.0290	0.0910
0.3780	0.0780	0.0870	0.4570
0.4440	0.1720	0.1890	0.1950
