0.5240	0.1170	0.0880	0.2710
0.1390	0.0740	0.0420	0.7450
0.1920	0.0480	0.6930	0.0670
0.4180	0.5040	0.0100	0.0680
0.9150	0.0270	0.0170	0.0410
0.0120	0.0100	0.0100	0.9680
0.7320	0.0230	0.0340	0.2110
0.7000	0.0730	0.0250	0.2020
0.3590	0.0500	0.0350	0.5560
0.1470	0.0720	0.1680	0.6130
0.2730	0.2200	0.0690	0.4380
0.6890	0.0770	0.0860	0.1480
