0.5800	0.0210	0.3020	0.0970
0.0700	0.8930	0.0270	0.0100
0.0960	0.7400	0.1530	0.0110
0.0110	0.0100	0.9690	0.0100
0.0100	0.0100	0.0460	0.9340
0.0100	0.0100	0.0100	0.9700
0.8220	0.0100	0.1310	0.0370
0.4310	0.1630	0.3410	0.0650
0.7040	0.0100	0.2720	0.0140
0.7900	0.0300	0.1090	0.0710
0.0700	0.8870	0.0270	0.0160
0.0680	0.7980	0.0970	0.0370
0.0260	0.0100	0.9540	0.0100
0.0100	0.0100	0.0790	0.9010
0.0100	0.0110	0.0100	0.9690
0.7690	0.0320	0.1280	0.0710
