0.0430	0.0100	0.0100	0.9370
0.9080	0.0100	0.0100	0.0720
0.9700	0.0100	0.0100	0.0100
0.4250	0.0160	0.1010	0.4580
0.0900	0.3510	0.0810	0.4780
0.1370	0.0160	0.7850	0.0620
0.1540	0.3170	0.3050	0.2240
0.1020	0.3310	0.1190	0.4480
0.1780	0.3170	0.3700	0.1350
0.1840	0.3670	0.1310	0.3180
0.0420	0.0100	0.0100	0.9380
0.8860	0.0100	0.0100	0.0940
0.9700	0.0100	0.0100	0.0100
0.4580	0.0130	0.1050	0.4240
0.0690	0.3890	0.0800	0.4620
0.1550	0.0190	0.7560	0.0700
