0.2040	0.3480	0.2340	0.2140
0.1980	0.1790	0.2000	0.4230
0.1590	0.4170	0.1490	0.2750
0.6600	0.0700	0.1040	0.1660
0.0230	0.0610	0.0240	0.8920
0.0670	0.0300	0.8590	0.0440
0.4520	0.4930	0.0220	0.0330
0.8660	0.0640	0.0300	0.0400
0.0100	0.0130	0.0110	0.9660
0.7440	0.0510	0.0800	0.1250
0.5380	0.1110	0.0760	0.2750
0.1420	0.1000	0.1250	0.6330
0.1050	0.1600	0.1180	0.6170
0.5500	0.1750	0.1240	0.1510
0.6920	0.0840	0.1180	0.1060
0.1290	0.1830	0.1500	0.5380
0.1350	0.1760	0.4200	0.2690
