0.4340	0.1100	0.1050	0.3510
0.2610	0.1980	0.2750	0.2660
0.0490	0.2870	0.0160	0.6480
0.0120	0.0120	0.9660	0.0100
0.1370	0.8400	0.0100	0.0130
0.0640	0.0330	0.0170	0.8860
0.0730	0.0260	0.8310	0.0700
0.9620	0.0100	0.0180	0.0100
0.0100	0.7970	0.0530	0.1400
0.1210	0.0450	0.8240	0.0100
0.0240	0.0690	0.0120	0.8950
0.4820	0.4420	0.0250	0.0510
0.7200	0.0280	0.1210	0.1310
0.0460	0.0100	0.8420	0.1020
0.0100	0.9540	0.0190	0.0170
0.7970	0.0130	0.0850	0.1050
0.2240	0.2620	0.2310	0.2830
0.3130	0.0960	0.1670	0.4240
