0.4410	0.1200	0.1920	0.2470
0.4850	0.0710	0.1060	0.3380
0.4060	0.1250	0.1140	0.3550
0.2960	0.1710	0.2250	0.3080
0.0560	0.1700	0.0210	0.7530
0.0100	0.0110	0.9690	0.0100
0.1000	0.8620	0.0100	0.0280
0.0680	0.0800	0.0220	0.8300
0.0460	0.0240	0.8120	0.1180
0.8640	0.0490	0.0190	0.0680
0.0810	0.3910	0.4420	0.0860
0.0580	0.0160	0.0670	0.8590
0.1210	0.7890	0.0330	0.0570
0.7910	0.0230	0.1040	0.0820
0.0230	0.0100	0.8830	0.0840
0.0100	0.9550	0.0240	0.0110
0.6890	0.0180	0.2200	0.0730
0.3250	0.1870	0.1580	0.3300
0.4100	0.0920	0.1450	0.3530
0.4010	0.1010	0.0920	0.4060
0.2690	0.1770	0.1190	0.4350
