0.2680	0.3580	0.1440	0.2300
0.1510	0.0880	0.0190	0.7420
0.8300	0.0180	0.0750	0.0770
0.9700	0.0100	0.0100	0.0100
0.0620	0.2140	0.0270	0.6970
0.0520	0.3790	0.1020	0.4670
0.2960	0.2680	0.1720	0.2640
0.6230	0.1350	0.2020	0.0400
0.8380	0.0490	0.0810	0.0320
0.0100	0.0110	0.0100	0.9690
0.1250	0.1240	0.0150	0.7360
0.8430	0.0250	0.0430	0.0890
0.3160	0.2940	0.1950	0.1950
