0.0350	0.0900	0.0100	0.8650
0.6570	0.0180	0.0380	0.2870
0.9010	0.0200	0.0570	0.0220
0.0550	0.0580	0.1140	0.7730
0.0760	0.0370	0.0900	0.7970
0.1900	0.0180	0.7750	0.0170
0.2410	0.2250	0.4730	0.0610
0.0630	0.4760	0.2600	0.2010
0.0300	0.7110	0.0400	0.2190
0.7650	0.0840	0.0740	0.0770
0.7580	0.1070	0.0810	0.0540
0.0220	0.0550	0.0190	0.9040
0.1780	0.0200	0.0200	0.7820
0.8810	0.0100	0.0630	0.0460
