0.1670	0.1770	0.2580	0.3980
0.0230	0.1030	0.0120	0.8620
0.7850	0.0540	0.1450	0.0160
0.9630	0.0100	0.0170	0.0100
0.0100	0.0100	0.0210	0.9590
0.0170	0.0400	0.2180	0.7250
0.8480	0.0100	0.1200	0.0220
0.1720	0.4640	0.2170	0.1470
0.1750	0.2780	0.4280	0.1190
0.1490	0.2860	0.4080	0.1570
0.0280	0.1050	0.0110	0.8560
0.7700	0.1560	0.0610	0.0130
0.9390	0.0310	0.0200	0.0100
0.0100	0.0100	0.0150	0.9650
0.0170	0.1170	0.1190	0.7470
0.8470	0.0100	0.1150	0.0280
0.2920	0.3350	0.2680	0.1050
