0.1610	0.2740	0.3400	0.2250
0.2740	0.2400	0.1760	0.3100
0.0410	0.0350	0.0100	0.9140
0.9530	0.0100	0.0210	0.0160
0.9700	0.0100	0.0100	0.0100
0.0320	0.0220	0.1760	0.7700
0.0170	0.9060	0.0670	0.0100
0.0190	0.9500	0.0100	0.0210
0.0100	0.0100	0.8470	0.1330
0.6460	0.3100	0.0180	0.0260
0.0100	0.0140	0.0100	0.9660
0.0520	0.0420	0.0100	0.8960
0.8770	0.0130	0.0350	0.0750
0.3510	0.2150	0.1690	0.2650
0.2600	0.3440	0.2120	0.1840
