0.7350	0.0480	0.1580	0.0590
0.5740	0.1100	0.0860	0.2300
0.4100	0.0310	0.4950	0.0640
0.1880	0.0810	0.0100	0.7210
0.8800	0.1000	0.0100	0.0100
0.9520	0.0180	0.0110	0.0190
0.9430	0.0100	0.0370	0.0100
0.0100	0.3640	0.0100	0.6160
0.9670	0.0130	0.0100	0.0100
0.9470	0.0170	0.0170	0.0190
0.8860	0.0250	0.0330	0.0560
0.1090	0.6330	0.0450	0.2130
0.8470	0.0460	0.0650	0.0420
