0.2650	0.2750	0.1730	0.2870
0.1500	0.0520	0.0210	0.7770
0.8600	0.0110	0.0640	0.0650
0.9690	0.0100	0.0110	0.0100
0.0600	0.1000	0.0330	0.8070
0.0370	0.2970	0.0770	0.5890
0.3590	0.1750	0.1950	0.2710
0.6640	0.0650	0.2510	0.0200
0.8670	0.0260	0.0780	0.0290
0.0100	0.0180	0.0100	0.9620
0.1190	0.0800	0.0160	0.7850
0.8680	0.0140	0.0340	0.0840
0.4080	0.1780	0.2480	0.1660
