0.1660	0.0830	0.4590	0.2920
0.0100	0.0290	0.0100	0.9510
0.0390	0.0170	0.9340	0.0100
0.7550	0.0110	0.0230	0.2110
0.0100	0.9700	0.0100	0.0100
0.0100	0.9700	0.0100	0.0100
0.0100	0.1320	0.0100	0.8480
0.0220	0.2750	0.1940	0.5090
0.7600	0.0100	0.2200	0.0100
0.2310	0.1860	0.2640	0.3190
0.0100	0.1660	0.0180	0.8060
0.6180	0.1060	0.2630	0.0130
0.9150	0.0100	0.0650	0.0100
0.0100	0.0100	0.9700	0.0100
0.0100	0.0100	0.9670	0.0130
0.1110	0.0150	0.0170	0.8570
0.0100	0.9250	0.0420	0.0230
0.9360	0.0100	0.0440	0.0100
0.2160	0.4190	0.1150	0.2500
