0.9620	0.0100	0.0150	0.0130
0.0100	0.0100	0.0100	0.9700
0.0100	0.9700	0.0100	0.0100
0.4870	0.0100	0.4930	0.0100
0.9700	0.0100	0.0100	0.0100
0.0200	0.0100	0.0100	0.9600
0.7620	0.0610	0.0700	0.1070
0.4960	0.1950	0.0880	0.2210
0.3860	0.1880	0.1670	0.2590
0.3390	0.1970	0.1720	0.2920
0.3500	0.0860	0.1850	0.3790
0.1890	0.0610	0.0720	0.6780
0.9660	0.0100	0.0100	0.0140
0.0100	0.0100	0.0100	0.9700
0.0100	0.8770	0.0100	0.1030
0.0230	0.0100	0.9570	0.0100
0.9700	0.0100	0.0100	0.0100
0.0420	0.0160	0.0100	0.9320
