0.0770	0.1240	0.5480	0.2510
0.5520	0.1500	0.2880	0.0100
0.0940	0.8610	0.0160	0.0290
0.0620	0.8580	0.0360	0.0440
0.1590	0.7120	0.0580	0.0710
0.0100	0.9700	0.0100	0.0100
0.0370	0.9430	0.0100	0.0100
0.0100	0.6560	0.0100	0.3240
0.1820	0.0110	0.7960	0.0110
0.0100	0.6340	0.0710	0.2850
0.1440	0.1180	0.2600	0.4780
0.0480	0.0100	0.9300	0.0120
0.1850	0.2750	0.1580	0.3820
0.0120	0.0730	0.7290	0.1860
0.3020	0.3420	0.1010	0.2550
