0.2120	0.2220	0.2900	0.2760
0.2640	0.2450	0.1330	0.3580
0.0630	0.0250	0.0100	0.9020
0.9300	0.0100	0.0320	0.0280
0.9700	0.0100	0.0100	0.0100
0.0140	0.0100	0.1640	0.8120
0.0100	0.9010	0.0790	0.0100
0.0330	0.9340	0.0100	0.0230
0.0100	0.0170	0.8690	0.1040
0.7060	0.2380	0.0150	0.0410
0.0100	0.0100	0.0100	0.9700
0.0490	0.0130	0.0100	0.9280
0.8800	0.0110	0.0320	0.0770
0.3350	0.1550	0.2570	0.2530
0.2450	0.3310	0.2360	0.1880
