0.2530	0.1530	0.4360	0.1580
0.2350	0.2030	0.5520	0.0100
0.0100	0.0370	0.0210	0.9320
0.0390	0.9040	0.0100	0.0470
0.2600	0.0100	0.7200	0.0100
0.0190	0.0100	0.0100	0.9610
0.6730	0.0100	0.0180	0.2990
0.9380	0.0100	0.0100	0.0420
0.9030	0.0350	0.0100	0.0520
0.5990	0.1350	0.0990	0.1670
0.2540	0.2330	0.2130	0.3000
0.1970	0.1560	0.1590	0.4880
