0.4230	0.1620	0.2210	0.1940
0.0580	0.0640	0.0600	0.8180
0.1480	0.0520	0.6520	0.1480
0.4700	0.5030	0.0100	0.0170
0.9400	0.0120	0.0100	0.0380
0.0230	0.0100	0.0100	0.9570
0.6230	0.0260	0.0270	0.3240
0.7750	0.0300	0.0310	0.1640
0.0960	0.0220	0.0370	0.8450
0.1070	0.0150	0.0430	0.8350
0.5730	0.1200	0.1460	0.1610
0.9700	0.0100	0.0100	0.0100
0.0470	0.0790	0.0400	0.8340
0.1310	0.1110	0.5300	0.2280
0.4850	0.2170	0.1420	0.1560
0.2390	0.1950	0.4040	0.1620
