0.0600	0.6040	0.2730	0.0630
0.0100	0.0100	0.9650	0.0150
0.0500	0.0170	0.0100	0.9230
0.0100	0.8840	0.0100	0.0960
0.9240	0.0560	0.0100	0.0100
0.0100	0.8530	0.0100	0.1270
0.0100	0.0100	0.9700	0.0100
0.0100	0.7920	0.1880	0.0100
0.5730	0.0210	0.0110	0.3950
0.0100	0.0900	0.0100	0.8900
0.0100	0.2730	0.7070	0.0100
0.8380	0.0100	0.1420	0.0100
0.1860	0.3680	0.2780	0.1680
0.0150	0.1250	0.0100	0.8500
0.1410	0.0100	0.7030	0.1460
0.2820	0.4860	0.2220	0.0100
0.3860	0.3120	0.1140	0.1880
