0.3540	0.1540	0.1900	0.3020
0.3650	0.1440	0.4700	0.0210
0.3640	0.2400	0.0190	0.3770
0.3900	0.0310	0.0100	0.5690
0.9400	0.0100	0.0230	0.0270
0.9210	0.0210	0.0140	0.0440
0.0100	0.3270	0.0100	0.6530
0.6910	0.0120	0.2870	0.0100
0.0190	0.0100	0.0260	0.9450
0.0160	0.0150	0.0210	0.9480
0.0510	0.0130	0.3660	0.5700
0.6930	0.0240	0.1650	0.1180
0.0290	0.6010	0.0840	0.2860
0.3560	0.1320	0.1490	0.3630
