0.1030	0.4870	0.3000	0.1100
0.0100	0.0100	0.9390	0.0410
0.0810	0.0340	0.0100	0.8750
0.0100	0.8100	0.0100	0.1700
0.9090	0.0690	0.0120	0.0100
0.0150	0.8510	0.0100	0.1240
0.0160	0.0100	0.9640	0.0100
0.0100	0.7360	0.2440	0.0100
0.3800	0.0510	0.0290	0.5400
0.0100	0.1930	0.0100	0.7870
0.0100	0.3870	0.5730	0.0300
0.7280	0.0100	0.2520	0.0100
0.1420	0.3240	0.3140	0.2200
0.0130	0.1600	0.0100	0.8170
0.2240	0.0100	0.7490	0.0170
0.3940	0.4070	0.1890	0.0100
0.2370	0.2040	0.2560	0.3030
0.0100	0.5860	0.0190	0.3850
