0.5780	0.0810	0.0560	0.2850
0.1570	0.0430	0.0280	0.7720
0.2020	0.0300	0.7190	0.0490
0.5960	0.3690	0.0140	0.0210
0.8790	0.0190	0.0260	0.0760
0.0760	0.0130	0.0100	0.9010
0.9330	0.0100	0.0100	0.0470
0.1150	0.0250	0.0180	0.8420
0.0300	0.0120	0.5580	0.4000
0.0580	0.7380	0.0300	0.1740
0.8580	0.0200	0.0290	0.0930
0.4640	0.0560	0.0770	0.4030
