0.0800	0.2640	0.0980	0.5580
0.8840	0.0140	0.0900	0.0120
0.0100	0.9700	0.0100	0.0100
0.0100	0.0100	0.9590	0.0210
0.1040	0.1000	0.0100	0.7860
0.7990	0.0540	0.0760	0.0710
0.7330	0.1560	0.0900	0.0210
0.1230	0.6700	0.1040	0.1030
0.0640	0.2040	0.2200	0.5120
0.0240	0.2670	0.4140	0.2950
0.8570	0.0110	0.1080	0.0240
0.0100	0.9410	0.0390	0.0100
0.0100	0.0110	0.9580	0.0210
0.0310	0.2890	0.0230	0.6570
0.8390	0.0650	0.0660	0.0300
