0.1390	0.3140	0.1840	0.3630
0.5180	0.0370	0.0150	0.4300
0.5670	0.0320	0.3580	0.0430
0.1640	0.0100	0.8160	0.0100
0.0550	0.9250	0.0100	0.0100
0.0100	0.9510	0.0100	0.0290
0.7320	0.2480	0.0100	0.0100
0.0100	0.9700	0.0100	0.0100
0.0100	0.0100	0.9700	0.0100
0.0100	0.9700	0.0100	0.0100
0.0100	0.9700	0.0100	0.0100
0.0100	0.9650	0.0100	0.0150
0.4230	0.5520	0.0100	0.0150
0.0210	0.7740	0.0100	0.1950
0.2150	0.1690	0.0440	0.5720
0.1380	0.2850	0.0860	0.4910
0.2300	0.2800	0.1320	0.3580
