0.0100	0.0220	0.0100	0.9580
0.2610	0.5550	0.1540	0.0300
0.6940	0.0100	0.2570	0.0390
0.0100	0.9700	0.0100	0.0100
0.9470	0.0100	0.0330	0.0100
0.0370	0.8750	0.0190	0.0690
0.2480	0.4820	0.1820	0.0880
0.0790	0.0760	0.0270	0.8180
0.8020	0.0230	0.0950	0.0800
0.0900	0.1700	0.4930	0.2470
0.0790	0.0160	0.8620	0.0430
0.0100	0.0270	0.0100	0.9530
0.0100	0.0100	0.9700	0.0100
0.0570	0.2640	0.0100	0.6690
0.0360	0.1200	0.6840	0.1600
0.9540	0.0100	0.0260	0.0100
