0.0100	0.1480	0.0100	0.8320
0.8350	0.0220	0.1330	0.0100
0.9700	0.0100	0.0100	0.0100
0.0100	0.0100	0.0100	0.9700
0.0100	0.0490	0.0100	0.9310
0.9060	0.0100	0.0740	0.0100
0.0620	0.1060	0.7950	0.0370
0.0640	0.4730	0.0920	0.3710
0.2570	0.1100	0.6100	0.0230
0.0170	0.4700	0.0820	0.4310
0.0100	0.0130	0.0100	0.9670
0.5060	0.0100	0.4740	0.0100
0.9700	0.0100	0.0100	0.0100
0.0100	0.0180	0.0100	0.9620
0.0100	0.0480	0.0400	0.9020
0.7010	0.0100	0.2790	0.0100
