0.5730	0.0300	0.2770	0.1200
0.1300	0.8130	0.0100	0.0470
0.2210	0.5830	0.1860	0.0100
0.0190	0.0100	0.9150	0.0560
0.0160	0.0100	0.0100	0.9640
0.0420	0.0560	0.0100	0.8920
0.6340	0.1530	0.0930	0.1200
0.8430	0.0530	0.0530	0.0510
0.8290	0.0360	0.0510	0.0840
0.1560	0.7510	0.0330	0.0600
0.0160	0.3300	0.3510	0.3030
0.1580	0.1380	0.5970	0.1070
