0.1840	0.5310	0.2240	0.0610
0.0620	0.0900	0.1410	0.7070
0.1450	0.3640	0.3090	0.1820
0.3190	0.0190	0.5930	0.0690
0.8060	0.0650	0.0890	0.0400
0.2350	0.3370	0.1760	0.2520
0.0290	0.5140	0.3430	0.1140
0.0430	0.2170	0.1090	0.6310
0.5720	0.0710	0.2860	0.0710
0.6820	0.0100	0.2310	0.0770
0.0100	0.1250	0.1880	0.6770
0.0100	0.1360	0.1820	0.6720
0.8690	0.0100	0.1110	0.0100
