0.5470	0.0560	0.0580	0.3390
0.2240	0.0290	0.0350	0.7120
0.3010	0.0480	0.4370	0.2140
0.6150	0.3040	0.0190	0.0620
0.6340	0.0190	0.0330	0.3140
0.1170	0.0550	0.0130	0.8150
0.8460	0.0380	0.0230	0.0930
0.4610	0.0460	0.0280	0.4650
0.1250	0.0570	0.3790	0.4390
0.2640	0.4150	0.0900	0.2310
0.7610	0.0290	0.0680	0.1420
0.4250	0.0520	0.0990	0.4240
