0.0400	0.0260	0.0100	0.9240
0.0100	0.0670	0.9130	0.0100
0.9040	0.0100	0.0280	0.0580
0.0100	0.9440	0.0290	0.0170
0.9690	0.0100	0.0110	0.0100
0.0690	0.0100	0.7890	0.1320
0.0290	0.4120	0.5420	0.0170
0.0100	0.0110	0.0100	0.9690
0.0150	0.0100	0.9480	0.0270
0.0820	0.0360	0.0120	0.8700
0.0100	0.8890	0.0870	0.0140
0.8800	0.0220	0.0560	0.0420
