0.6330	0.0750	0.2710	0.0210
0.6200	0.0930	0.1930	0.0940
0.0720	0.0100	0.9080	0.0100
0.0100	0.0600	0.0590	0.8710
0.0100	0.8910	0.0140	0.0850
0.8870	0.0100	0.0850	0.0180
0.6410	0.0900	0.1130	0.1560
0.3110	0.0620	0.2510	0.3760
0.9120	0.0100	0.0290	0.0490
0.8850	0.0300	0.0580	0.0270
0.0100	0.0100	0.9700	0.0100
0.0100	0.1230	0.0290	0.8380
0.0100	0.8790	0.0250	0.0860
0.8860	0.0100	0.0940	0.0100
