0.1410	0.2980	0.4310	0.1300
0.0430	0.6540	0.0240	0.2790
0.8250	0.0750	0.0660	0.0340
0.9220	0.0510	0.0170	0.0100
0.0100	0.0100	0.0100	0.9700
0.0500	0.0780	0.0100	0.8620
0.8890	0.0120	0.0760	0.0230
0.5200	0.1290	0.1710	0.1800
0.4730	0.1880	0.1720	0.1670
0.4310	0.1160	0.1680	0.2850
0.4620	0.0990	0.1570	0.2820
0.1160	0.4220	0.3870	0.0750
0.0590	0.7440	0.0220	0.1750
0.8360	0.0460	0.1060	0.0120
0.9520	0.0260	0.0100	0.0120
0.0100	0.0100	0.0100	0.9700
0.0180	0.0400	0.0100	0.9320
0.8920	0.0100	0.0680	0.0300
