0.2090	0.2610	0.1800	0.3500
0.2090	0.3040	0.0960	0.3910
0.5510	0.3870	0.0300	0.0320
0.0200	0.8870	0.0300	0.0630
0.0630	0.0540	0.8030	0.0800
0.0100	0.9570	0.0140	0.0190
0.0250	0.9360	0.0230	0.0160
0.0100	0.9380	0.0240	0.0280
0.7180	0.1680	0.0560	0.0580
0.0100	0.9150	0.0240	0.0510
0.0250	0.1960	0.7510	0.0280
0.0100	0.9060	0.0380	0.0460
0.6820	0.1240	0.1230	0.0710
0.3240	0.2640	0.0770	0.3350
0.2590	0.1430	0.1150	0.4830
0.2100	0.1970	0.1650	0.4280
