0.2110	0.0410	0.0100	0.7380
0.0410	0.9390	0.0100	0.0100
0.9680	0.0100	0.0120	0.0100
0.8170	0.1630	0.0100	0.0100
0.0100	0.0120	0.0100	0.9680
0.6060	0.0280	0.1460	0.2200
0.4450	0.2440	0.1890	0.1220
0.0100	0.9700	0.0100	0.0100
0.9610	0.0190	0.0100	0.0100
0.0100	0.0100	0.1140	0.8660
0.0100	0.0100	0.0160	0.9640
0.0100	0.0100	0.9530	0.0270
0.7980	0.0380	0.0280	0.1360
