0.3890	0.1300	0.3750	0.1060
0.1100	0.1010	0.1360	0.6530
0.0100	0.0100	0.9700	0.0100
0.0200	0.0450	0.0100	0.9250
0.1290	0.1510	0.0100	0.7100
0.9660	0.0140	0.0100	0.0100
0.8910	0.0370	0.0100	0.0620
0.9510	0.0260	0.0100	0.0130
0.0620	0.3540	0.0620	0.5220
0.0400	0.0100	0.9400	0.0100
0.0110	0.0110	0.0100	0.9680
0.6050	0.0100	0.2900	0.0950
0.0510	0.0100	0.9290	0.0100
0.9700	0.0100	0.0100	0.0100
0.0100	0.1760	0.0100	0.8040
0.0100	0.0680	0.1270	0.7950
0.8730	0.0330	0.0280	0.0660
0.9700	0.0100	0.0100	0.0100
0.1190	0.2180	0.6530	0.0100
