0.5340	0.0700	0.1270	0.2690
0.3520	0.0330	0.1050	0.5100
0.0970	0.0430	0.0480	0.8120
0.9520	0.0100	0.0110	0.0270
0.0210	0.0280	0.0410	0.9100
0.0180	0.0100	0.9000	0.0720
0.0180	0.6880	0.0750	0.2190
0.4670	0.0100	0.0100	0.5130
0.8650	0.0100	0.0620	0.0630
0.9640	0.0100	0.0130	0.0130
0.0460	0.0170	0.0100	0.9270
0.1420	0.0830	0.1400	0.6350
0.4190	0.0670	0.0900	0.4240
