0.4030	0.0580	0.0200	0.5190
0.6990	0.0560	0.1740	0.0710
0.4180	0.1280	0.1160	0.3380
0.3050	0.0210	0.6640	0.0100
0.0760	0.1420	0.0120	0.7700
0.7340	0.2460	0.0100	0.0100
0.9640	0.0160	0.0100	0.0100
0.9660	0.0100	0.0130	0.0110
0.0100	0.6870	0.0100	0.2930
0.9640	0.0100	0.0160	0.0100
0.5480	0.0860	0.0710	0.2950
0.4200	0.1180	0.1010	0.3610
