0.2250	0.2400	0.0570	0.4780
0.1360	0.2030	0.6400	0.0210
0.0100	0.9050	0.0750	0.0100
0.0100	0.9690	0.0100	0.0110
0.0100	0.6390	0.0480	0.3030
0.0660	0.3760	0.2140	0.3440
0.4090	0.2560	0.2790	0.0560
0.4010	0.0670	0.5220	0.0100
0.0250	0.0100	0.9550	0.0100
0.0100	0.1140	0.8660	0.0100
0.0230	0.7960	0.1210	0.0600
0.5790	0.0590	0.2110	0.1510
