0.0180	0.0100	0.0730	0.8990
0.0520	0.0860	0.1720	0.6900
0.0180	0.0180	0.0100	0.9540
0.0290	0.0140	0.9470	0.0100
0.0140	0.9660	0.0100	0.0100
0.9540	0.0100	0.0180	0.0180
0.0270	0.9360	0.0270	0.0100
0.9110	0.0530	0.0180	0.0180
0.0100	0.9700	0.0100	0.0100
0.0140	0.0100	0.9620	0.0140
0.1430	0.0320	0.6660	0.1590
0.0100	0.8670	0.0100	0.1130
0.7070	0.1540	0.1080	0.0310
0.0290	0.9120	0.0150	0.0440
