0.3700	0.1850	0.2440	0.2010
0.4110	0.0260	0.5270	0.0360
0.0200	0.0730	0.0460	0.8610
0.1290	0.1300	0.0230	0.7180
0.9650	0.0100	0.0150	0.0100
0.9290	0.0410	0.0100	0.0200
0.0640	0.0290	0.0100	0.8970
0.2320	0.3000	0.3060	0.1620
0.9440	0.0100	0.0170	0.0290
0.0410	0.0100	0.0450	0.9040
0.0100	0.0190	0.0100	0.9610
0.8340	0.0150	0.0700	0.0810
0.8990	0.0390	0.0520	0.0100
0.0640	0.8650	0.0280	0.0430
0.2620	0.2840	0.1570	0.2970
