0.0120	0.0170	0.0100	0.9610
0.2750	0.0100	0.7050	0.0100
0.9090	0.0290	0.0520	0.0100
0.0100	0.0250	0.0280	0.9370
0.0100	0.0250	0.0360	0.9290
0.0120	0.0100	0.9680	0.0100
0.0100	0.9230	0.0100	0.0570
0.9170	0.0270	0.0460	0.0100
0.8730	0.0400	0.0770	0.0100
0.0100	0.0460	0.0100	0.9340
0.0100	0.5580	0.0150	0.4170
0.9630	0.0170	0.0100	0.0100
