0.3670	0.0510	0.5360	0.0460
0.0100	0.0100	0.0100	0.9700
0.0410	0.0100	0.9390	0.0100
0.0100	0.9700	0.0100	0.0100
0.0100	0.9700	0.0100	0.0100
0.8440	0.1060	0.0100	0.0400
0.3210	0.2590	0.3840	0.0360
0.0170	0.9120	0.0330	0.0380
0.0610	0.5840	0.0780	0.2770
0.0600	0.3110	0.1900	0.4390
0.5530	0.0120	0.4160	0.0190
0.0100	0.0100	0.0100	0.9700
0.0410	0.0100	0.9390	0.0100
0.0100	0.9630	0.0170	0.0100
0.0100	0.9660	0.0140	0.0100
0.7630	0.2000	0.0100	0.0270
0.4330	0.2090	0.2410	0.1170
0.0300	0.8700	0.0270	0.0730
