0.7930	0.0190	0.1020	0.0860
0.1130	0.0870	0.7570	0.0430
0.0100	0.0100	0.9700	0.0100
0.0100	0.0890	0.0100	0.8910
0.0100	0.0100	0.9700	0.0100
0.0830	0.0990	0.0180	0.8000
0.0310	0.1340	0.5390	0.2960
0.8130	0.0100	0.1320	0.0450
0.3770	0.1950	0.1970	0.2310
0.6080	0.0340	0.0480	0.3100
0.2800	0.0380	0.0460	0.6360
0.2670	0.1410	0.1480	0.4440
0.0290	0.0850	0.0210	0.8650
0.1800	0.5000	0.2730	0.0470
0.8420	0.0140	0.0950	0.0490
0.0100	0.9700	0.0100	0.0100
0.8830	0.0100	0.0970	0.0100
0.0100	0.9700	0.0100	0.0100
0.0500	0.7100	0.1050	0.1350
0.0820	0.1030	0.0250	0.7900
