0.3970	0.1990	0.1600	0.2440
0.5050	0.1130	0.3670	0.0150
0.3810	0.2290	0.0310	0.3590
0.5060	0.0310	0.0100	0.4530
0.9190	0.0170	0.0100	0.0540
0.8810	0.0140	0.0100	0.0950
0.0100	0.3080	0.0100	0.6720
0.7180	0.0100	0.2620	0.0100
0.0390	0.0100	0.0100	0.9410
0.0370	0.0100	0.0400	0.9130
0.1080	0.0100	0.2970	0.5850
0.6840	0.0400	0.1420	0.1340
0.0190	0.5120	0.0760	0.3930
0.3180	0.1800	0.1500	0.3520
