0.1010	0.0210	0.7120	0.1660
0.3530	0.0580	0.3780	0.2110
0.0840	0.7820	0.0580	0.0760
0.2490	0.4370	0.2970	0.0170
0.0280	0.0190	0.8290	0.1240
0.0300	0.0150	0.0390	0.9160
0.0340	0.0480	0.0180	0.9000
0.5800	0.0110	0.1910	0.2180
0.3510	0.0970	0.1860	0.3660
0.4860	0.0100	0.2070	0.2970
0.5810	0.0330	0.2150	0.1710
0.0460	0.9120	0.0100	0.0320
0.0820	0.4660	0.4310	0.0210
0.0100	0.0100	0.9700	0.0100
0.0100	0.0690	0.0370	0.8840
0.0620	0.0870	0.0420	0.8090
0.4620	0.0330	0.3230	0.1820
