0.5500	0.1270	0.1970	0.1260
0.6890	0.0270	0.2180	0.0660
0.9260	0.0100	0.0450	0.0190
0.0100	0.1860	0.7940	0.0100
0.9590	0.0100	0.0100	0.0210
0.0100	0.0100	0.0100	0.9700
0.0140	0.9270	0.0490	0.0100
0.9700	0.0100	0.0100	0.0100
0.9700	0.0100	0.0100	0.0100
0.9620	0.0100	0.0180	0.0100
0.0290	0.0210	0.9400	0.0100
0.1450	0.1360	0.6280	0.0910
0.2680	0.1420	0.4850	0.1050
0.4120	0.0710	0.0990	0.4180
0.3810	0.0990	0.0800	0.4400
