0.2070	0.2900	0.2420	0.2610
0.1720	0.1080	0.0700	0.6500
0.5930	0.0580	0.2010	0.1480
0.9430	0.0110	0.0310	0.0150
0.1210	0.1580	0.1200	0.6010
0.0860	0.2760	0.1980	0.4400
0.0720	0.2570	0.2260	0.4450
0.6850	0.1480	0.1020	0.0650
0.9060	0.0410	0.0300	0.0230
0.0100	0.0150	0.0100	0.9650
0.1490	0.1470	0.0340	0.6700
0.6280	0.0470	0.1460	0.1790
0.2550	0.2490	0.2790	0.2170
