0.1050	0.3990	0.3140	0.1820
0.0360	0.0100	0.9440	0.0100
0.0100	0.0100	0.0100	0.9700
0.0290	0.0380	0.0100	0.9230
0.4570	0.0360	0.4540	0.0530
0.0100	0.9410	0.0190	0.0300
0.0100	0.8810	0.0100	0.0990
0.9060	0.0160	0.0260	0.0520
0.0390	0.0160	0.0100	0.9350
0.4120	0.0100	0.5680	0.0100
0.0540	0.0180	0.9180	0.0100
0.0490	0.7800	0.0240	0.1470
0.9490	0.0100	0.0310	0.0100
0.9680	0.0120	0.0100	0.0100
0.0100	0.9620	0.0100	0.0180
0.1810	0.3430	0.3650	0.1110
