0.1440	0.3430	0.3780	0.1350
0.0430	0.6340	0.0210	0.3020
0.7910	0.0850	0.0710	0.0530
0.9240	0.0460	0.0200	0.0100
0.0100	0.0100	0.0100	0.9700
0.0800	0.0790	0.0110	0.8300
0.8860	0.0100	0.0610	0.0430
0.5330	0.1170	0.1600	0.1900
0.5050	0.1630	0.1530	0.1790
0.4470	0.1200	0.1550	0.2780
0.4840	0.1200	0.1400	0.2560
0.1520	0.3920	0.3610	0.0950
0.0750	0.6900	0.0240	0.2110
0.7980	0.0570	0.1210	0.0240
0.9380	0.0290	0.0180	0.0150
0.0100	0.0100	0.0100	0.9700
0.0340	0.0410	0.0100	0.9150
0.8600	0.0110	0.0750	0.0540
