0.3110	0.1620	0.4670	0.0600
0.3160	0.6510	0.0100	0.0230
0.1220	0.8050	0.0100	0.0630
0.7830	0.1950	0.0100	0.0120
0.0390	0.9230	0.0100	0.0280
0.0930	0.1380	0.6230	0.1460
0.0280	0.9280	0.0330	0.0110
0.0120	0.9610	0.0170	0.0100
0.0100	0.8870	0.0220	0.0810
0.5110	0.4380	0.0340	0.0170
0.0540	0.6950	0.0880	0.1630
0.1870	0.3130	0.0100	0.4900
