0.2050	0.0170	0.7680	0.0100
0.0460	0.0560	0.0100	0.8880
0.8780	0.0490	0.0100	0.0630
0.9140	0.0200	0.0120	0.0540
0.9700	0.0100	0.0100	0.0100
0.0140	0.8170	0.0100	0.1590
0.9480	0.0100	0.0320	0.0100
0.3420	0.0190	0.0110	0.6280
0.5730	0.2850	0.0100	0.1320
0.8040	0.0660	0.0180	0.1120
0.9230	0.0310	0.0340	0.0120
0.1190	0.7670	0.0160	0.0980
0.9220	0.0220	0.0330	0.0230
