0.1030	0.4220	0.3010	0.1740
0.0190	0.0100	0.9610	0.0100
0.0100	0.0100	0.0100	0.9700
0.1290	0.0580	0.0100	0.8030
0.2950	0.0180	0.5990	0.0880
0.0100	0.8810	0.0100	0.0990
0.0100	0.7650	0.0100	0.2150
0.9620	0.0100	0.0100	0.0180
0.0160	0.0100	0.0100	0.9640
0.2050	0.0100	0.7750	0.0100
0.1320	0.0100	0.8480	0.0100
0.0950	0.5800	0.0250	0.3000
0.8020	0.0100	0.0840	0.1040
0.9700	0.0100	0.0100	0.0100
0.0100	0.9590	0.0100	0.0210
0.1860	0.2820	0.4210	0.1110
