0.4000	0.1740	0.2390	0.1870
0.0810	0.0860	0.0490	0.7840
0.1120	0.0230	0.7910	0.0740
0.4480	0.5320	0.0100	0.0100
0.9580	0.0100	0.0100	0.0220
0.0100	0.0100	0.0100	0.9700
0.7580	0.0130	0.0170	0.2120
0.6680	0.0420	0.0290	0.2610
0.0780	0.0450	0.0240	0.8530
0.1170	0.0120	0.0160	0.8550
0.7580	0.0500	0.1040	0.0880
0.9700	0.0100	0.0100	0.0100
0.0380	0.0340	0.0540	0.8740
0.0850	0.0840	0.5440	0.2870
0.6450	0.1270	0.1220	0.1060
0.2220	0.1690	0.4990	0.1100
