0.5180	0.1080	0.2230	0.1510
0.7480	0.0180	0.2200	0.0140
0.8840	0.0100	0.0100	0.0960
0.9060	0.0100	0.0100	0.0740
0.8020	0.0100	0.0170	0.1710
0.1770	0.0100	0.3480	0.4650
0.0120	0.1170	0.8420	0.0290
0.0100	0.0100	0.9700	0.0100
0.0100	0.9700	0.0100	0.0100
0.0100	0.0100	0.9700	0.0100
0.0100	0.9700	0.0100	0.0100
0.0310	0.7790	0.1780	0.0120
0.6410	0.2100	0.0100	0.1390
0.3610	0.0100	0.0100	0.6190
0.2710	0.0100	0.0100	0.7090
0.1320	0.0100	0.0100	0.8480
0.0260	0.1480	0.0440	0.7820
0.1000	0.2490	0.1240	0.5270
