0.3100	0.1480	0.1880	0.3540
0.2970	0.0600	0.6320	0.0110
0.1970	0.1150	0.0350	0.6530
0.4640	0.3700	0.0100	0.1560
0.9700	0.0100	0.0100	0.0100
0.9700	0.0100	0.0100	0.0100
0.0100	0.0810	0.0100	0.8990
0.8970	0.0100	0.0830	0.0100
0.0150	0.0100	0.0100	0.9650
0.0100	0.0100	0.0110	0.9690
0.0780	0.0100	0.4690	0.4430
0.6910	0.0250	0.0920	0.1920
0.0130	0.6250	0.0630	0.2990
0.4360	0.1330	0.1560	0.2750
