0.3510	0.1710	0.1770	0.3010
0.3470	0.0200	0.6120	0.0210
0.8550	0.0550	0.0310	0.0590
0.9100	0.0140	0.0480	0.0280
0.9670	0.0100	0.0130	0.0100
0.0150	0.0110	0.9550	0.0190
0.0170	0.1290	0.1450	0.7090
0.0210	0.0100	0.9590	0.0100
0.9700	0.0100	0.0100	0.0100
0.8980	0.0100	0.0820	0.0100
0.9700	0.0100	0.0100	0.0100
0.0100	0.0100	0.9700	0.0100
0.0100	0.0500	0.0460	0.8940
0.1830	0.0870	0.4830	0.2470
0.3110	0.2270	0.2720	0.1900
