0.4950	0.0200	0.4450	0.0400
0.1480	0.8100	0.0320	0.0100
0.9500	0.0100	0.0300	0.0100
0.0100	0.0100	0.0100	0.9700
0.1640	0.0100	0.0620	0.7640
0.0190	0.9130	0.0430	0.0250
0.0170	0.7180	0.0160	0.2490
0.3420	0.0630	0.1950	0.4000
0.2530	0.2910	0.1820	0.2740
0.3920	0.0240	0.4180	0.1660
0.1920	0.7260	0.0720	0.0100
0.9400	0.0100	0.0400	0.0100
0.0100	0.0100	0.0100	0.9700
0.3090	0.0100	0.0850	0.5960
0.0370	0.8850	0.0460	0.0320
0.0200	0.8100	0.0100	0.1600
0.3920	0.0670	0.2480	0.2930
