0.3100	0.1410	0.0970	0.4520
0.4640	0.1060	0.3280	0.1020
0.8340	0.0510	0.1020	0.0130
0.0100	0.9700	0.0100	0.0100
0.0100	0.9700	0.0100	0.0100
0.2380	0.0100	0.7210	0.0310
0.0100	0.9690	0.0100	0.0110
0.7180	0.0500	0.1520	0.0800
0.4220	0.0860	0.2380	0.2540
0.5280	0.0610	0.1080	0.3030
0.6320	0.0630	0.1410	0.1640
0.8040	0.0690	0.1150	0.0120
0.0100	0.9560	0.0130	0.0210
0.0240	0.9350	0.0310	0.0100
0.3010	0.0210	0.6340	0.0440
0.0310	0.8900	0.0200	0.0590
0.7070	0.0680	0.1440	0.0810
0.4010	0.0830	0.3060	0.2100
