0.4490	0.2110	0.2720	0.0680
0.3730	0.1010	0.2850	0.2410
0.1220	0.0100	0.0100	0.8580
0.0590	0.0160	0.0160	0.9090
0.0770	0.0110	0.0110	0.9010
0.0270	0.0100	0.0330	0.9300
0.0100	0.0100	0.9700	0.0100
0.0100	0.0100	0.9700	0.0100
0.0100	0.9700	0.0100	0.0100
0.0100	0.0100	0.9700	0.0100
0.0100	0.9700	0.0100	0.0100
0.0100	0.9520	0.0280	0.0100
0.9440	0.0280	0.0140	0.0140
0.9480	0.0140	0.0100	0.0280
0.9240	0.0100	0.0100	0.0560
0.9140	0.0100	0.0140	0.0620
0.2770	0.1690	0.0470	0.5070
0.2150	0.1900	0.4600	0.1350
