0.3930	0.2260	0.1850	0.1960
0.5350	0.1020	0.2310	0.1320
0.7690	0.1030	0.0540	0.0740
0.9280	0.0430	0.0100	0.0190
0.6750	0.0100	0.0100	0.3050
0.1000	0.2510	0.6060	0.0430
0.4410	0.3030	0.2460	0.0100
0.0100	0.0350	0.9420	0.0130
0.0480	0.0100	0.8460	0.0960
0.8890	0.0310	0.0100	0.0700
0.7870	0.1270	0.0530	0.0330
0.0530	0.0100	0.9270	0.0100
0.1610	0.0860	0.0610	0.6920
0.6430	0.2010	0.0500	0.1060
