0.1750	0.2810	0.3650	0.1790
0.0470	0.3400	0.0150	0.5980
0.6980	0.1810	0.0760	0.0450
0.9320	0.0290	0.0140	0.0250
0.0100	0.0150	0.0100	0.9650
0.0240	0.0300	0.0860	0.8600
0.8410	0.0120	0.0730	0.0740
0.4520	0.1110	0.3590	0.0780
0.1560	0.3280	0.2880	0.2280
0.3080	0.1630	0.3670	0.1620
0.1800	0.2640	0.3560	0.2000
0.0420	0.3010	0.0210	0.6360
0.7070	0.1890	0.0590	0.0450
0.9260	0.0280	0.0220	0.0240
0.0180	0.0140	0.0120	0.9560
0.0450	0.0510	0.0900	0.8140
0.8650	0.0140	0.0730	0.0480
0.3590	0.1900	0.3090	0.1420
