0.5690	0.1160	0.1280	0.1870
0.4630	0.0500	0.0770	0.4100
0.1060	0.0320	0.0420	0.8200
0.9650	0.0100	0.0150	0.0100
0.0200	0.0330	0.0110	0.9360
0.0120	0.0100	0.9030	0.0750
0.0330	0.7280	0.0560	0.1830
0.5790	0.0100	0.0100	0.4010
0.9170	0.0100	0.0360	0.0370
0.9700	0.0100	0.0100	0.0100
0.0330	0.0160	0.0180	0.9330
0.0860	0.0930	0.3240	0.4970
0.7680	0.0630	0.0700	0.0990
0.1890	0.1230	0.5470	0.1410
