0.4950	0.1190	0.3480	0.0380
0.7610	0.0330	0.1960	0.0100
0.0250	0.0230	0.9420	0.0100
0.0100	0.0100	0.8500	0.1300
0.0420	0.0260	0.0740	0.8580
0.0390	0.8930	0.0280	0.0400
0.9140	0.0100	0.0660	0.0100
0.4620	0.2460	0.0550	0.2370
0.0660	0.3740	0.3110	0.2490
0.4350	0.1280	0.1580	0.2790
0.3750	0.1710	0.4120	0.0420
0.6790	0.0650	0.2430	0.0130
0.0260	0.1510	0.7970	0.0260
0.0150	0.0150	0.7920	0.1780
0.0370	0.0510	0.0550	0.8570
0.0520	0.8180	0.0890	0.0410
0.9000	0.0370	0.0520	0.0110
