0.2670	0.1160	0.4560	0.1610
0.1200	0.6670	0.1410	0.0720
0.2150	0.0780	0.6230	0.0840
0.7950	0.1760	0.0100	0.0190
0.0370	0.9430	0.0100	0.0100
0.0100	0.9660	0.0100	0.0140
0.7740	0.2060	0.0100	0.0100
0.0170	0.9570	0.0100	0.0160
0.0720	0.8130	0.0430	0.0720
0.2490	0.1360	0.5170	0.0980
0.4770	0.2080	0.1180	0.1970
0.3270	0.3090	0.1930	0.1710
