0.2170	0.2050	0.2270	0.3510
0.3800	0.0490	0.1700	0.4010
0.8450	0.0230	0.0970	0.0350
0.0450	0.8700	0.0370	0.0480
0.8970	0.0240	0.0600	0.0190
0.1120	0.3500	0.0190	0.5190
0.3320	0.0440	0.4780	0.1460
0.7900	0.0770	0.0500	0.0830
0.1130	0.7420	0.0610	0.0840
0.7240	0.0410	0.1080	0.1270
0.3210	0.1860	0.0520	0.4410
0.1840	0.2140	0.4400	0.1620
