0.1660	0.2800	0.0920	0.4620
0.4770	0.1280	0.0910	0.3040
0.1480	0.1120	0.0490	0.6910
0.1130	0.0250	0.8170	0.0450
0.2990	0.6310	0.0130	0.0570
0.9110	0.0170	0.0270	0.0450
0.0100	0.0100	0.0100	0.9700
0.7810	0.0190	0.0350	0.1650
0.6860	0.0900	0.0320	0.1920
0.4980	0.0400	0.0240	0.4380
0.0970	0.0810	0.1390	0.6830
0.2620	0.1340	0.0680	0.5360
0.6520	0.0850	0.1120	0.1510
