0.5450	0.0160	0.3930	0.0460
0.2300	0.7440	0.0160	0.0100
0.9700	0.0100	0.0100	0.0100
0.0100	0.0100	0.0100	0.9700
0.1700	0.0220	0.0100	0.7980
0.0160	0.8760	0.0570	0.0510
0.0290	0.7440	0.0160	0.2110
0.3670	0.0440	0.1960	0.3930
0.1860	0.2640	0.2860	0.2640
0.4990	0.0540	0.4310	0.0160
0.2510	0.6940	0.0450	0.0100
0.9700	0.0100	0.0100	0.0100
0.0100	0.0100	0.0280	0.9520
0.2640	0.0200	0.0840	0.6320
0.0300	0.8250	0.0830	0.0620
0.0610	0.7420	0.0100	0.1870
0.4140	0.0890	0.1680	0.3290
