0.4620	0.0760	0.2810	0.1810
0.2190	0.0140	0.2380	0.5290
0.2870	0.0100	0.6930	0.0100
0.3140	0.5840	0.0370	0.0650
0.0710	0.8620	0.0100	0.0570
0.9700	0.0100	0.0100	0.0100
0.0100	0.9700	0.0100	0.0100
0.0100	0.0100	0.9700	0.0100
0.0100	0.9700	0.0100	0.0100
0.0100	0.9700	0.0100	0.0100
0.0100	0.9700	0.0100	0.0100
0.2230	0.7570	0.0100	0.0100
0.0100	0.3120	0.0100	0.6680
0.0600	0.1350	0.0210	0.7840
0.0660	0.0630	0.0730	0.7980
0.1680	0.1270	0.1920	0.5130
0.1480	0.0640	0.1770	0.6110
0.1240	0.0960	0.5360	0.2440
