0.5640	0.1070	0.0510	0.2780
0.1880	0.0510	0.0410	0.7200
0.2460	0.0370	0.6530	0.0640
0.6170	0.3240	0.0200	0.0390
0.8180	0.0230	0.0390	0.1200
0.1130	0.0230	0.0160	0.8480
0.8890	0.0170	0.0250	0.0690
0.2230	0.0460	0.0440	0.6870
0.0580	0.0200	0.5220	0.4000
0.0770	0.6460	0.0450	0.2320
0.8030	0.0280	0.0440	0.1250
0.4670	0.0650	0.1030	0.3650
