0.1050	0.0220	0.7310	0.1420
0.4950	0.0100	0.4850	0.0100
0.0270	0.9490	0.0110	0.0130
0.0100	0.9630	0.0170	0.0100
0.9490	0.0310	0.0100	0.0100
0.0130	0.9670	0.0100	0.0100
0.1360	0.0100	0.8440	0.0100
0.0100	0.9700	0.0100	0.0100
0.0100	0.9600	0.0120	0.0180
0.0100	0.9620	0.0100	0.0180
0.4050	0.1180	0.0100	0.4670
0.2480	0.2280	0.1030	0.4210
0.3340	0.2600	0.0910	0.3150
0.2450	0.1920	0.1210	0.4420
0.2850	0.2210	0.1480	0.3460
