0.8740	0.0100	0.0920	0.0240
0.0100	0.9700	0.0100	0.0100
0.9700	0.0100	0.0100	0.0100
0.4440	0.0100	0.0420	0.5040
0.0100	0.0100	0.9640	0.0160
0.0100	0.1140	0.0100	0.8660
0.0370	0.8030	0.0560	0.1040
0.2390	0.1890	0.1850	0.3870
0.3920	0.1750	0.2790	0.1540
0.3090	0.1100	0.2610	0.3200
0.2310	0.0100	0.6640	0.0950
0.8210	0.0100	0.1540	0.0150
0.0100	0.9700	0.0100	0.0100
0.9700	0.0100	0.0100	0.0100
0.2310	0.0140	0.1100	0.6450
0.0100	0.0100	0.9700	0.0100
0.0280	0.0730	0.0100	0.8890
