0.2400	0.1850	0.1450	0.4300
0.0320	0.0530	0.0100	0.9050
0.0100	0.0120	0.9680	0.0100
0.0100	0.9670	0.0100	0.0130
0.0170	0.0380	0.0100	0.9350
0.0100	0.0100	0.9090	0.0710
0.8900	0.0210	0.0100	0.0790
0.0510	0.4700	0.3770	0.1020
0.0630	0.0100	0.0240	0.9030
0.0890	0.8830	0.0100	0.0180
0.9220	0.0100	0.0430	0.0250
0.0210	0.0100	0.9250	0.0440
0.0100	0.9700	0.0100	0.0100
0.7560	0.0100	0.2010	0.0330
0.4700	0.1160	0.0940	0.3200
