0.6550	0.1150	0.1620	0.0680
0.6630	0.0850	0.1620	0.0900
0.2420	0.0400	0.6830	0.0350
0.0100	0.1500	0.0750	0.7650
0.0220	0.8330	0.0540	0.0910
0.9250	0.0100	0.0550	0.0100
0.6380	0.1030	0.1030	0.1560
0.3400	0.0580	0.1990	0.4030
0.8190	0.0100	0.0320	0.1390
0.8210	0.0420	0.1110	0.0260
0.1260	0.0220	0.8420	0.0100
0.0260	0.1840	0.0100	0.7800
0.0100	0.7930	0.0470	0.1500
0.8810	0.0100	0.0990	0.0100
