0.1510	0.0100	0.8290	0.0100
0.0440	0.0110	0.0100	0.9350
0.8490	0.0790	0.0160	0.0560
0.9660	0.0120	0.0120	0.0100
0.9390	0.0100	0.0100	0.0410
0.0250	0.8600	0.0150	0.1000
0.9580	0.0200	0.0100	0.0120
0.6200	0.0100	0.3600	0.0100
0.0380	0.0100	0.0100	0.9420
0.7130	0.2280	0.0400	0.0190
0.9410	0.0390	0.0100	0.0100
0.9400	0.0290	0.0100	0.0210
0.0180	0.9580	0.0100	0.0140
0.9560	0.0220	0.0100	0.0120
