0.2720	0.1420	0.1440	0.4420
0.2980	0.0460	0.5220	0.1340
0.1290	0.0500	0.0240	0.7970
0.7670	0.1400	0.0110	0.0820
0.8340	0.0570	0.0380	0.0710
0.9020	0.0100	0.0750	0.0130
0.0100	0.4200	0.0100	0.5600
0.9700	0.0100	0.0100	0.0100
0.9390	0.0110	0.0140	0.0360
0.8500	0.0130	0.0420	0.0950
0.0390	0.6600	0.0390	0.2620
0.8280	0.0560	0.0580	0.0580
0.4330	0.1790	0.1550	0.2330
