0.0640	0.0840	0.0620	0.7900
0.5790	0.0420	0.2060	0.1730
0.7500	0.0350	0.1170	0.0980
0.0790	0.0930	0.1660	0.6620
0.0840	0.0870	0.2020	0.6270
0.4120	0.0450	0.5000	0.0430
0.0660	0.4640	0.4600	0.0100
0.1770	0.2550	0.2620	0.3060
0.0370	0.4470	0.0450	0.4710
0.6060	0.1930	0.1310	0.0700
0.6490	0.1290	0.1110	0.1110
0.0730	0.1080	0.0710	0.7480
0.1230	0.0870	0.1150	0.6750
0.6890	0.0420	0.1580	0.1110
