0.0100	0.0520	0.0100	0.9280
0.0100	0.0100	0.0100	0.9700
0.0880	0.2570	0.1060	0.5490
0.0100	0.7100	0.0100	0.2700
0.0120	0.0100	0.9640	0.0140
0.0100	0.9700	0.0100	0.0100
0.0100	0.4870	0.1280	0.3750
0.0130	0.0100	0.0600	0.9170
0.0150	0.0100	0.9650	0.0100
0.2160	0.0400	0.6840	0.0600
0.0690	0.8380	0.0410	0.0520
0.4440	0.3230	0.2230	0.0100
0.0100	0.4140	0.4080	0.1680
0.0100	0.0100	0.9700	0.0100
0.0100	0.0400	0.0100	0.9400
0.0100	0.9700	0.0100	0.0100
0.7770	0.0100	0.0740	0.1390
