0.3270	0.1530	0.1000	0.4200
0.5240	0.0800	0.2790	0.1170
0.7760	0.0630	0.1320	0.0290
0.0120	0.9320	0.0390	0.0170
0.0100	0.9430	0.0310	0.0160
0.1640	0.0150	0.8010	0.0200
0.0120	0.9540	0.0100	0.0240
0.8460	0.0100	0.0350	0.1090
0.7370	0.0390	0.2000	0.0240
0.8120	0.0530	0.0970	0.0380
0.0570	0.8580	0.0670	0.0180
0.0430	0.8650	0.0410	0.0510
0.2150	0.0500	0.7020	0.0330
0.0550	0.8010	0.0620	0.0820
0.6450	0.0830	0.1860	0.0860
0.3990	0.1170	0.3220	0.1620
