0.6110	0.1120	0.2420	0.0350
0.0270	0.1100	0.0310	0.8320
0.4510	0.0320	0.5070	0.0100
0.1400	0.6300	0.0440	0.1860
0.0810	0.0100	0.5360	0.3730
0.0100	0.0100	0.9650	0.0150
0.0100	0.0100	0.9700	0.0100
0.0100	0.2540	0.0190	0.7170
0.5720	0.0100	0.4080	0.0100
0.0130	0.9620	0.0150	0.0100
0.0100	0.9700	0.0100	0.0100
0.3600	0.5090	0.0100	0.1210
0.0440	0.0410	0.7260	0.1890
0.0120	0.6890	0.0290	0.2700
0.7750	0.1160	0.0180	0.0910
0.1810	0.2130	0.1830	0.4230
