0.1020	0.2190	0.5050	0.1740
0.0330	0.7410	0.0120	0.2140
0.8950	0.0420	0.0300	0.0330
0.9470	0.0290	0.0140	0.0100
0.0100	0.0100	0.0100	0.9700
0.0610	0.0610	0.0100	0.8680
0.9420	0.0100	0.0270	0.0210
0.6260	0.0710	0.1160	0.1870
0.6180	0.1420	0.1210	0.1190
0.4800	0.0800	0.1150	0.3250
0.5050	0.0680	0.1470	0.2800
0.1440	0.4130	0.3720	0.0710
0.0720	0.6860	0.0130	0.2290
0.8210	0.0410	0.1280	0.0100
0.9260	0.0540	0.0100	0.0100
0.0100	0.0100	0.0100	0.9700
0.0100	0.0290	0.0100	0.9510
0.9060	0.0100	0.0530	0.0310
