0.1490	0.5580	0.1930	0.1000
0.1100	0.4140	0.4280	0.0480
0.0480	0.5480	0.0360	0.3680
0.0100	0.0100	0.0100	0.9700
0.9700	0.0100	0.0100	0.0100
0.9700	0.0100	0.0100	0.0100
0.0100	0.0100	0.0100	0.9700
0.0100	0.5000	0.3740	0.1160
0.0370	0.0410	0.9050	0.0170
0.2890	0.0670	0.6220	0.0220
0.7020	0.0100	0.0130	0.2750
0.8710	0.0100	0.0100	0.1090
0.8730	0.0170	0.0100	0.1000
0.5970	0.2310	0.1540	0.0180
0.0100	0.9700	0.0100	0.0100
0.0660	0.0590	0.8650	0.0100
0.9700	0.0100	0.0100	0.0100
0.0100	0.0100	0.0100	0.9700
0.0100	0.0100	0.0100	0.9700
0.9700	0.0100	0.0100	0.0100
0.1810	0.0200	0.7890	0.0100
