0.6010	0.0260	0.3420	0.0310
0.4850	0.0480	0.2840	0.1830
0.0600	0.8540	0.0590	0.0270
0.0690	0.7900	0.1220	0.0190
0.0100	0.0100	0.9700	0.0100
0.0100	0.0100	0.0190	0.9610
0.0100	0.0100	0.0100	0.9700
0.6330	0.0380	0.0400	0.2890
0.9540	0.0240	0.0120	0.0100
0.8950	0.0280	0.0200	0.0570
0.0110	0.9690	0.0100	0.0100
0.0460	0.3400	0.3790	0.2350
0.0540	0.0800	0.8040	0.0620
0.1470	0.3000	0.0610	0.4920
0.0310	0.5080	0.0140	0.4470
