0.2530	0.2560	0.2090	0.2820
0.1840	0.0900	0.0400	0.6860
0.7310	0.0360	0.1160	0.1170
0.9560	0.0150	0.0190	0.0100
0.1000	0.2600	0.0730	0.5670
0.0690	0.3440	0.1720	0.4150
0.0810	0.3340	0.0590	0.5260
0.7530	0.0560	0.1420	0.0490
0.9060	0.0320	0.0360	0.0260
0.0100	0.0110	0.0100	0.9690
0.1480	0.0690	0.0160	0.7670
0.7700	0.0210	0.0830	0.1260
0.3150	0.2150	0.2570	0.2130
