0.0670	0.6290	0.1600	0.1440
0.0880	0.0470	0.0160	0.8490
0.0390	0.0100	0.0190	0.9320
0.0100	0.0100	0.0100	0.9700
0.0100	0.9700	0.0100	0.0100
0.0100	0.9700	0.0100	0.0100
0.0100	0.9660	0.0140	0.0100
0.5280	0.3810	0.0100	0.0810
0.0440	0.4830	0.0100	0.4630
0.7150	0.0100	0.1040	0.1710
0.9700	0.0100	0.0100	0.0100
0.0100	0.9580	0.0180	0.0140
0.8170	0.1490	0.0100	0.0240
0.0100	0.9700	0.0100	0.0100
0.0320	0.0100	0.6650	0.2930
0.5240	0.1330	0.2000	0.1430
0.1520	0.3380	0.3340	0.1760
