0.8490	0.0200	0.0790	0.0520
0.0820	0.0330	0.7880	0.0970
0.0100	0.0100	0.9700	0.0100
0.0100	0.0760	0.0100	0.9040
0.0100	0.0100	0.9700	0.0100
0.0330	0.0840	0.0100	0.8730
0.0230	0.0800	0.8560	0.0410
0.9700	0.0100	0.0100	0.0100
0.6950	0.0860	0.0780	0.1410
0.5440	0.0860	0.0570	0.3130
0.2000	0.0190	0.2140	0.5670
0.0100	0.0100	0.0100	0.9700
0.1200	0.6030	0.2470	0.0300
0.8560	0.0100	0.1160	0.0180
0.0100	0.9700	0.0100	0.0100
0.8770	0.0100	0.1030	0.0100
0.0100	0.9560	0.0110	0.0230
0.0610	0.5830	0.1850	0.1710
0.0900	0.1180	0.0250	0.7670
