0.3120	0.0210	0.6570	0.0100
0.1050	0.1270	0.0190	0.7490
0.9240	0.0540	0.0120	0.0100
0.9640	0.0160	0.0100	0.0100
0.9660	0.0100	0.0140	0.0100
0.0140	0.8680	0.0100	0.1080
0.8990	0.0100	0.0810	0.0100
0.4410	0.0320	0.0130	0.5140
0.8970	0.0830	0.0100	0.0100
0.9540	0.0200	0.0100	0.0160
0.9640	0.0100	0.0160	0.0100
0.0590	0.8260	0.0100	0.1050
0.9660	0.0100	0.0140	0.0100
