0.5160	0.0930	0.0530	0.3380
0.1750	0.0810	0.0300	0.7140
0.1260	0.0330	0.7690	0.0720
0.3770	0.5860	0.0100	0.0270
0.9000	0.0530	0.0220	0.0250
0.0160	0.0100	0.0100	0.9640
0.7890	0.0190	0.0410	0.1510
0.7120	0.0600	0.0250	0.2030
0.4620	0.0670	0.0340	0.4370
0.0910	0.0410	0.1060	0.7620
0.2780	0.1340	0.0470	0.5410
0.6550	0.0830	0.1060	0.1560
