0.3730	0.1220	0.2490	0.2560
0.0860	0.0220	0.0270	0.8650
0.0100	0.0160	0.9640	0.0100
0.1110	0.8580	0.0100	0.0210
0.1250	0.0820	0.0360	0.7570
0.0940	0.0650	0.7030	0.1380
0.8760	0.0480	0.0140	0.0620
0.1300	0.3030	0.3840	0.1830
0.0590	0.0120	0.0970	0.8320
0.1770	0.7260	0.0380	0.0590
0.7470	0.0290	0.0950	0.1290
0.0290	0.0100	0.8340	0.1270
0.0100	0.9250	0.0390	0.0260
0.4550	0.0190	0.4580	0.0680
0.3200	0.1770	0.2050	0.2980
