0.2440	0.0950	0.3340	0.3270
0.0100	0.0430	0.0100	0.9370
0.0220	0.0200	0.9480	0.0100
0.8170	0.0140	0.0200	0.1490
0.0100	0.9700	0.0100	0.0100
0.0100	0.9700	0.0100	0.0100
0.0100	0.1010	0.0100	0.8790
0.0430	0.3050	0.1210	0.5310
0.7780	0.0120	0.2000	0.0100
0.1900	0.3140	0.2020	0.2940
0.4550	0.1400	0.1010	0.3040
0.0100	0.1640	0.0100	0.8160
0.4490	0.1260	0.4080	0.0170
0.8840	0.0100	0.0960	0.0100
0.0100	0.0100	0.9700	0.0100
0.0100	0.0100	0.9700	0.0100
0.2940	0.0200	0.0170	0.6690
0.0370	0.8690	0.0630	0.0310
0.9400	0.0100	0.0400	0.0100
0.1700	0.4530	0.1930	0.1840
