0.8850	0.0150	0.0830	0.0170
0.9510	0.0160	0.0230	0.0100
0.0100	0.0100	0.9400	0.0400
0.0100	0.0100	0.9700	0.0100
0.0580	0.0100	0.0840	0.8480
0.0100	0.8000	0.0240	0.1660
0.7680	0.0100	0.2120	0.0100
0.1820	0.2500	0.1140	0.4540
0.1700	0.2150	0.2020	0.4130
0.0320	0.2160	0.0690	0.6830
0.1300	0.4590	0.3570	0.0540
0.7660	0.0100	0.2000	0.0240
0.9500	0.0280	0.0120	0.0100
0.0100	0.0100	0.9610	0.0190
0.0100	0.0100	0.9700	0.0100
0.0490	0.0100	0.1090	0.8320
0.0100	0.9010	0.0130	0.0760
0.8510	0.0100	0.1290	0.0100
