0.0530	0.0110	0.0100	0.9260
0.9260	0.0100	0.0270	0.0370
0.9370	0.0180	0.0270	0.0180
0.0250	0.0760	0.0680	0.8310
0.1240	0.0750	0.1670	0.6340
0.2860	0.0100	0.6890	0.0150
0.1540	0.7560	0.0100	0.0800
0.0150	0.5030	0.0100	0.4720
0.7100	0.1660	0.0200	0.1040
0.9200	0.0330	0.0320	0.0150
0.0100	0.0190	0.0100	0.9610
0.0130	0.0340	0.0100	0.9430
0.9200	0.0100	0.0270	0.0430
