0.1290	0.1180	0.6830	0.0700
0.0100	0.0100	0.9680	0.0120
0.0100	0.1550	0.0100	0.8250
0.0100	0.0100	0.9700	0.0100
0.0940	0.1340	0.0410	0.7310
0.0450	0.1480	0.5790	0.2280
0.8170	0.0220	0.1370	0.0240
0.4680	0.1160	0.2350	0.1810
0.5510	0.0840	0.1480	0.2170
0.3620	0.0920	0.1200	0.4260
0.1980	0.1580	0.2410	0.4030
0.0360	0.1200	0.0260	0.8180
0.2000	0.4290	0.3360	0.0350
0.7200	0.0150	0.1340	0.1310
0.0100	0.9700	0.0100	0.0100
0.8930	0.0100	0.0870	0.0100
0.0100	0.9560	0.0240	0.0100
0.0780	0.5480	0.1670	0.2070
