0.1320	0.0810	0.6510	0.1360
0.7610	0.0810	0.0960	0.0620
0.9140	0.0100	0.0320	0.0440
0.0100	0.0160	0.0100	0.9640
0.0300	0.0100	0.9480	0.0120
0.9510	0.0210	0.0180	0.0100
0.0220	0.8660	0.0100	0.1020
0.9550	0.0100	0.0250	0.0100
0.0100	0.9640	0.0160	0.0100
0.5090	0.0680	0.3740	0.0490
0.1080	0.0190	0.8420	0.0310
0.1210	0.7050	0.1060	0.0680
0.1000	0.0570	0.6630	0.1800
0.5650	0.1980	0.1400	0.0970
