0.1010	0.4410	0.2650	0.1930
0.0490	0.0100	0.9310	0.0100
0.0100	0.0160	0.0100	0.9640
0.1780	0.0930	0.0100	0.7190
0.3200	0.0270	0.5350	0.1180
0.0100	0.8720	0.0100	0.1080
0.0100	0.7640	0.0100	0.2160
0.9400	0.0110	0.0160	0.0330
0.0250	0.0130	0.0100	0.9520
0.2340	0.0100	0.7460	0.0100
0.1500	0.0160	0.8240	0.0100
0.1130	0.5420	0.0290	0.3160
0.7020	0.0100	0.1090	0.1790
0.9680	0.0100	0.0120	0.0100
0.0100	0.9440	0.0100	0.0360
0.1540	0.3710	0.3610	0.1140
