0.0100	0.0160	0.0100	0.9640
0.0120	0.0100	0.9680	0.0100
0.9660	0.0100	0.0100	0.0140
0.0100	0.9640	0.0100	0.0160
0.9610	0.0100	0.0190	0.0100
0.0100	0.0100	0.8910	0.0890
0.0660	0.5370	0.3870	0.0100
0.0190	0.0100	0.0100	0.9610
0.0130	0.0100	0.9670	0.0100
0.0120	0.0100	0.0120	0.9660
0.0150	0.9650	0.0100	0.0100
0.9520	0.0170	0.0210	0.0100
