0.1000	0.3380	0.0450	0.5170
0.6130	0.2580	0.0550	0.0740
0.9040	0.0410	0.0160	0.0390
0.0100	0.0240	0.0140	0.9520
0.0490	0.0510	0.0170	0.8830
0.9050	0.0100	0.0190	0.0660
0.3670	0.1450	0.4360	0.0520
0.0790	0.5270	0.1150	0.2790
0.1030	0.0250	0.0180	0.8540
0.9270	0.0100	0.0380	0.0250
0.9660	0.0100	0.0140	0.0100
0.0580	0.0240	0.0420	0.8760
0.1060	0.0600	0.3000	0.5340
0.6240	0.0350	0.2690	0.0720
