0.4820	0.1190	0.3190	0.0800
0.8120	0.0110	0.0690	0.1080
0.7490	0.0870	0.0390	0.1250
0.3340	0.2370	0.1700	0.2590
0.1060	0.7820	0.0740	0.0380
0.0480	0.0100	0.9320	0.0100
0.9700	0.0100	0.0100	0.0100
0.9700	0.0100	0.0100	0.0100
0.9700	0.0100	0.0100	0.0100
0.5450	0.0900	0.0100	0.3550
0.0100	0.0190	0.0100	0.9610
0.0100	0.9500	0.0100	0.0300
0.0650	0.0680	0.8090	0.0580
0.3120	0.2100	0.2180	0.2600
0.1180	0.0460	0.0690	0.7670
0.1180	0.0760	0.0150	0.7910
0.1130	0.3160	0.1050	0.4660
