0.1730	0.0100	0.8060	0.0110
0.0420	0.0310	0.0220	0.9050
0.8060	0.1470	0.0100	0.0370
0.9140	0.0470	0.0100	0.0290
0.9510	0.0100	0.0270	0.0120
0.0100	0.9480	0.0100	0.0320
0.9300	0.0100	0.0130	0.0470
0.0100	0.0100	0.0100	0.9700
0.0240	0.0100	0.9560	0.0100
0.0100	0.0100	0.0100	0.9700
0.0110	0.0100	0.0230	0.9560
0.0130	0.0100	0.2280	0.7490
0.8630	0.0100	0.0490	0.0780
0.0100	0.7400	0.0170	0.2330
