0.0390	0.6050	0.2950	0.0610
0.0100	0.0100	0.9700	0.0100
0.0210	0.0100	0.0100	0.9590
0.0100	0.9370	0.0100	0.0430
0.9590	0.0210	0.0100	0.0100
0.0100	0.9150	0.0100	0.0650
0.0100	0.0100	0.9700	0.0100
0.0100	0.8160	0.1640	0.0100
0.5920	0.0270	0.0100	0.3710
0.0100	0.0210	0.0100	0.9590
0.0100	0.2840	0.6960	0.0100
0.8480	0.0100	0.1320	0.0100
0.1800	0.4120	0.2790	0.1290
0.0100	0.0620	0.0100	0.9180
0.0350	0.0100	0.8920	0.0630
0.3040	0.5710	0.1150	0.0100
0.4360	0.2660	0.1280	0.1700
