0.8030	0.0100	0.1320	0.0550
0.0100	0.9700	0.0100	0.0100
0.9700	0.0100	0.0100	0.0100
0.3680	0.0100	0.1660	0.4560
0.0100	0.0100	0.9700	0.0100
0.0360	0.1560	0.0100	0.7980
0.1030	0.5830	0.2070	0.1070
0.2370	0.3470	0.1200	0.2960
0.3840	0.0780	0.3460	0.1920
0.2710	0.0590	0.3080	0.3620
0.2590	0.1260	0.3320	0.2830
0.3900	0.0140	0.5240	0.0720
0.6880	0.0100	0.2320	0.0700
0.0100	0.9700	0.0100	0.0100
0.9680	0.0100	0.0100	0.0120
0.3560	0.0100	0.1340	0.5000
0.0100	0.0210	0.9590	0.0100
0.0420	0.0770	0.0100	0.8710
