0.2640	0.1390	0.2050	0.3920
0.1820	0.1040	0.1930	0.5210
0.0100	0.0230	0.0100	0.9570
0.2760	0.4930	0.1830	0.0480
0.6190	0.0120	0.3190	0.0500
0.0100	0.9700	0.0100	0.0100
0.9230	0.0100	0.0570	0.0100
0.0680	0.7570	0.0390	0.1360
0.2250	0.4410	0.2100	0.1240
0.1030	0.0820	0.0540	0.7610
0.7480	0.0420	0.1070	0.1030
0.1310	0.1700	0.4810	0.2180
0.1410	0.0300	0.7610	0.0680
0.0100	0.0640	0.0100	0.9160
0.0100	0.0100	0.9700	0.0100
0.0660	0.2880	0.0170	0.6290
0.0410	0.0990	0.6470	0.2130
0.9540	0.0100	0.0260	0.0100
0.5720	0.1420	0.1300	0.1560
0.4430	0.1650	0.1640	0.2280
