0.0880	0.0660	0.0390	0.8070
0.0310	0.0460	0.9000	0.0230
0.8480	0.0150	0.0610	0.0760
0.0290	0.9190	0.0150	0.0370
0.9430	0.0100	0.0370	0.0100
0.0430	0.0160	0.7580	0.1830
0.0880	0.3160	0.5690	0.0270
0.0210	0.0540	0.0160	0.9090
0.0470	0.0380	0.8790	0.0360
0.1680	0.0850	0.0410	0.7060
0.0390	0.7550	0.1580	0.0480
0.7140	0.0710	0.1000	0.1150
