0.0470	0.1020	0.6050	0.2460
0.6290	0.1160	0.2450	0.0100
0.0330	0.9470	0.0100	0.0100
0.0370	0.9430	0.0100	0.0100
0.0650	0.8970	0.0100	0.0280
0.0100	0.9700	0.0100	0.0100
0.0100	0.9700	0.0100	0.0100
0.0100	0.6360	0.0100	0.3440
0.0660	0.0100	0.9140	0.0100
0.0100	0.8210	0.0150	0.1540
0.0460	0.0480	0.1360	0.7700
0.0100	0.0100	0.9700	0.0100
0.1060	0.2810	0.0980	0.5150
0.0100	0.0190	0.8850	0.0860
0.3120	0.4220	0.0420	0.2240
