0.3060	0.1650	0.4190	0.1100
0.4900	0.0190	0.4810	0.0100
0.0140	0.0100	0.9380	0.0380
0.0130	0.0100	0.8010	0.1760
0.0100	0.0210	0.0710	0.8980
0.0100	0.7850	0.0600	0.1450
0.9400	0.0100	0.0400	0.0100
0.7760	0.0170	0.1180	0.0890
0.8560	0.0100	0.1240	0.0100
0.0100	0.0100	0.9700	0.0100
0.0100	0.0100	0.7900	0.1900
0.0100	0.0140	0.0810	0.8950
0.0130	0.7850	0.0500	0.1520
0.8220	0.0130	0.1550	0.0100
