0.9100	0.0110	0.0320	0.0470
0.0170	0.0280	0.0130	0.9420
0.0220	0.9100	0.0150	0.0530
0.3140	0.0140	0.6600	0.0120
0.9620	0.0100	0.0110	0.0170
0.0760	0.0270	0.0100	0.8870
0.4200	0.2550	0.1180	0.2070
0.3850	0.2820	0.1820	0.1510
0.2280	0.3290	0.2630	0.1800
0.1840	0.1780	0.1950	0.4430
0.3490	0.0760	0.3690	0.2060
0.9180	0.0110	0.0320	0.0390
0.0130	0.0180	0.0100	0.9590
0.0180	0.9510	0.0120	0.0190
0.4080	0.0160	0.5660	0.0100
0.9520	0.0100	0.0130	0.0250
0.0690	0.0200	0.0100	0.9010
