0.3670	0.1730	0.2470	0.2130
0.4590	0.0270	0.4720	0.0420
0.0230	0.0640	0.0550	0.8580
0.1470	0.1100	0.0280	0.7150
0.9630	0.0100	0.0170	0.0100
0.9240	0.0420	0.0100	0.0240
0.0800	0.0270	0.0100	0.8830
0.2360	0.2650	0.3210	0.1780
0.9250	0.0100	0.0220	0.0430
0.0450	0.0100	0.0540	0.8910
0.0100	0.0160	0.0100	0.9640
0.8150	0.0140	0.0770	0.0940
0.8780	0.0430	0.0680	0.0110
0.0860	0.8230	0.0380	0.0530
0.2810	0.2420	0.1610	0.3160
