0.0980	0.7870	0.0100	0.1050
0.0170	0.9480	0.0100	0.0250
0.0100	0.9700	0.0100	0.0100
0.0280	0.0300	0.9080	0.0340
0.0100	0.5740	0.1490	0.2670
0.3950	0.1130	0.2060	0.2860
0.0470	0.0690	0.0100	0.8740
0.3060	0.2940	0.2070	0.1930
0.2320	0.3160	0.2650	0.1870
0.3890	0.1470	0.1360	0.3280
0.5360	0.1010	0.2760	0.0870
0.0480	0.9250	0.0100	0.0170
0.1330	0.0130	0.8440	0.0100
0.6840	0.0720	0.0100	0.2340
0.9100	0.0470	0.0100	0.0330
