0.3680	0.1200	0.1310	0.3810
0.2670	0.1650	0.3050	0.2630
0.0680	0.1980	0.0200	0.7140
0.0100	0.0100	0.9700	0.0100
0.1220	0.8430	0.0100	0.0250
0.1140	0.0540	0.0330	0.7990
0.0550	0.0220	0.8000	0.1230
0.8170	0.0830	0.0150	0.0850
0.0930	0.3950	0.4050	0.1070
0.1050	0.0110	0.1190	0.7650
0.1960	0.6980	0.0430	0.0630
0.7470	0.0210	0.1010	0.1310
0.0310	0.0100	0.8600	0.0990
0.0100	0.9570	0.0180	0.0150
0.6690	0.0120	0.2350	0.0840
0.2260	0.2270	0.2040	0.3430
0.2940	0.0900	0.1670	0.4490
