0.2220	0.0100	0.7580	0.0100
0.0370	0.0800	0.0290	0.8540
0.9230	0.0100	0.0100	0.0570
0.9040	0.0100	0.0200	0.0660
0.9480	0.0280	0.0100	0.0140
0.0100	0.7980	0.0120	0.1800
0.9540	0.0100	0.0100	0.0260
0.1630	0.0290	0.0290	0.7790
0.7580	0.1890	0.0200	0.0330
0.8870	0.0840	0.0190	0.0100
0.9070	0.0100	0.0730	0.0100
0.0110	0.9180	0.0310	0.0400
0.9480	0.0100	0.0320	0.0100
