0.2890	0.0620	0.4550	0.1940
0.0100	0.0430	0.0100	0.9370
0.0190	0.0230	0.9480	0.0100
0.7940	0.0130	0.0150	0.1780
0.0100	0.9700	0.0100	0.0100
0.0100	0.9700	0.0100	0.0100
0.0100	0.1070	0.0100	0.8730
0.0140	0.3240	0.1770	0.4850
0.7730	0.0130	0.2040	0.0100
0.0100	0.1250	0.0170	0.8480
0.4640	0.0590	0.4640	0.0130
0.8890	0.0100	0.0910	0.0100
0.0100	0.0100	0.9700	0.0100
0.0100	0.0100	0.9700	0.0100
0.2170	0.0100	0.0130	0.7600
0.0100	0.9060	0.0580	0.0260
0.9150	0.0140	0.0610	0.0100
0.2200	0.3690	0.1170	0.2940
