0.2160	0.0880	0.1270	0.5690
0.1750	0.0580	0.0640	0.7030
0.0320	0.0650	0.0900	0.8130
0.0800	0.8570	0.0330	0.0300
0.0630	0.8830	0.0200	0.0340
0.0120	0.9590	0.0190	0.0100
0.0100	0.9080	0.0380	0.0440
0.9410	0.0270	0.0220	0.0100
0.0100	0.9340	0.0100	0.0460
0.8720	0.0300	0.0640	0.0340
0.1560	0.6880	0.0570	0.0990
0.1700	0.1320	0.6220	0.0760
