0.1380	0.4230	0.1770	0.2620
0.0640	0.2910	0.0220	0.6230
0.6490	0.0580	0.2770	0.0160
0.9560	0.0170	0.0170	0.0100
0.0180	0.0210	0.0150	0.9460
0.0210	0.3170	0.0890	0.5730
0.7170	0.0220	0.2130	0.0480
0.3250	0.2190	0.3630	0.0930
0.1590	0.4210	0.2140	0.2060
0.2770	0.2660	0.3250	0.1320
0.1240	0.4750	0.1710	0.2300
0.0590	0.2710	0.0260	0.6440
0.6230	0.0580	0.2920	0.0270
0.9670	0.0100	0.0130	0.0100
0.0120	0.0270	0.0180	0.9430
0.0190	0.3390	0.0760	0.5660
0.6930	0.0190	0.2450	0.0430
0.3290	0.2510	0.3200	0.1000
