0.3280	0.0900	0.1080	0.4740
0.2780	0.0840	0.1260	0.5120
0.2760	0.0200	0.0660	0.6380
0.1650	0.0100	0.2390	0.5860
0.0430	0.1210	0.8260	0.0100
0.0100	0.0310	0.9490	0.0100
0.0100	0.9690	0.0100	0.0110
0.0100	0.0100	0.9700	0.0100
0.0100	0.9200	0.0600	0.0100
0.0100	0.8310	0.1180	0.0410
0.6910	0.1990	0.0210	0.0890
0.6580	0.0820	0.0100	0.2500
0.5370	0.0640	0.1220	0.2770
0.4620	0.0570	0.1000	0.3810
