0.4400	0.1890	0.1980	0.1730
0.0380	0.0580	0.0310	0.8730
0.1720	0.0630	0.6400	0.1250
0.4920	0.4760	0.0100	0.0220
0.9310	0.0150	0.0100	0.0440
0.0250	0.0100	0.0100	0.9550
0.6430	0.0230	0.0330	0.3010
0.7630	0.0320	0.0380	0.1670
0.1190	0.0270	0.0330	0.8210
0.0990	0.0180	0.0660	0.8170
0.5330	0.1260	0.1310	0.2100
0.9630	0.0110	0.0160	0.0100
0.0700	0.0910	0.0560	0.7830
0.1560	0.0970	0.5130	0.2340
