0.0470	0.0160	0.0100	0.9270
0.9240	0.0100	0.0180	0.0480
0.9700	0.0100	0.0100	0.0100
0.3820	0.0160	0.0790	0.5230
0.0750	0.3310	0.0640	0.5300
0.1220	0.0160	0.8090	0.0530
0.1900	0.2650	0.2930	0.2520
0.0940	0.3150	0.1060	0.4850
0.1850	0.3050	0.3810	0.1290
0.1910	0.3590	0.1090	0.3410
0.0350	0.0100	0.0100	0.9450
0.9110	0.0100	0.0100	0.0690
0.9700	0.0100	0.0100	0.0100
0.4250	0.0110	0.0700	0.4940
0.0620	0.3780	0.0570	0.5030
0.1300	0.0130	0.8000	0.0570
