0.1850	0.1360	0.4230	0.2560
0.0100	0.0490	0.0100	0.9310
0.0170	0.0120	0.9610	0.0100
0.7820	0.0100	0.0160	0.1920
0.0100	0.9700	0.0100	0.0100
0.0100	0.9700	0.0100	0.0100
0.0100	0.2170	0.0100	0.7630
0.0190	0.2540	0.3340	0.3930
0.8450	0.0180	0.1270	0.0100
0.0100	0.1040	0.0190	0.8670
0.4520	0.1900	0.3310	0.0270
0.8110	0.0100	0.1690	0.0100
0.0100	0.0100	0.9700	0.0100
0.0100	0.0100	0.9700	0.0100
0.2020	0.0310	0.0250	0.7420
0.0250	0.8660	0.0850	0.0240
0.9430	0.0100	0.0370	0.0100
0.1880	0.3890	0.1180	0.3050
