0.2270	0.2890	0.3720	0.1120
0.2570	0.2300	0.2490	0.2640
0.5570	0.2280	0.0380	0.1770
0.6320	0.0880	0.1970	0.0830
0.0210	0.0980	0.0100	0.8710
0.0170	0.0300	0.0100	0.9430
0.9570	0.0100	0.0230	0.0100
0.9700	0.0100	0.0100	0.0100
0.0100	0.0100	0.0100	0.9700
0.0100	0.0230	0.0100	0.9570
0.9500	0.0100	0.0300	0.0100
0.8740	0.0100	0.0980	0.0180
0.4260	0.0870	0.1270	0.3600
0.3440	0.0340	0.0790	0.5430
0.4130	0.2810	0.0770	0.2290
0.3380	0.3160	0.1070	0.2390
0.1120	0.2330	0.3110	0.3440
