0.1430	0.1110	0.2840	0.4620
0.2210	0.0810	0.4990	0.1990
0.2900	0.0420	0.6050	0.0630
0.1100	0.5600	0.2150	0.1150
0.1120	0.0230	0.8510	0.0140
0.0160	0.9420	0.0100	0.0320
0.0890	0.0100	0.8910	0.0100
0.0100	0.9030	0.0100	0.0770
0.0360	0.0100	0.9420	0.0120
0.0150	0.8510	0.0230	0.1110
0.3250	0.0490	0.5200	0.1060
0.0630	0.6050	0.0420	0.2900
0.2140	0.3880	0.1260	0.2720
0.1290	0.3730	0.0920	0.4060
0.2690	0.0980	0.4840	0.1490
0.3620	0.1560	0.1890	0.2930
