0.1060	0.2010	0.2760	0.4170
0.6060	0.0820	0.0450	0.2670
0.6160	0.0710	0.2200	0.0930
0.2070	0.1020	0.1390	0.5520
0.2060	0.3140	0.0640	0.4160
0.7530	0.0600	0.0650	0.1220
0.7860	0.0290	0.0420	0.1430
0.0350	0.0390	0.0190	0.9070
0.0400	0.0390	0.0100	0.9110
0.9210	0.0100	0.0450	0.0240
0.8070	0.0310	0.0310	0.1310
0.1700	0.0570	0.0430	0.7300
0.6300	0.0510	0.0800	0.2390
0.5540	0.0940	0.2230	0.1290
0.1840	0.3910	0.0940	0.3310
0.2900	0.1010	0.1040	0.5050
0.4010	0.0610	0.1360	0.4020
