0.1630	0.3500	0.2740	0.2130
0.2130	0.2120	0.2200	0.3550
0.3260	0.2210	0.1870	0.2660
0.5110	0.0410	0.4190	0.0290
0.0680	0.2030	0.4110	0.3180
0.0240	0.0100	0.9560	0.0100
0.0180	0.0100	0.0100	0.9620
0.0200	0.0100	0.0100	0.9600
0.0100	0.9700	0.0100	0.0100
0.0100	0.0400	0.0100	0.9400
0.9700	0.0100	0.0100	0.0100
0.0140	0.0100	0.9660	0.0100
0.8410	0.0160	0.1290	0.0140
0.1690	0.1450	0.0860	0.6000
0.0680	0.5850	0.0660	0.2810
0.3780	0.2520	0.2090	0.1610
0.1670	0.3060	0.2300	0.2970
