0.3850	0.2850	0.1760	0.1540
0.3090	0.1490	0.1830	0.3590
0.4810	0.0640	0.2360	0.2190
0.7680	0.0760	0.0790	0.0770
0.7220	0.0200	0.0210	0.2370
0.0160	0.8560	0.0380	0.0900
0.9460	0.0140	0.0100	0.0300
0.9690	0.0100	0.0110	0.0100
0.0200	0.0130	0.0100	0.9570
0.1850	0.0210	0.0790	0.7150
0.3920	0.1700	0.3450	0.0930
0.6860	0.0860	0.0780	0.1500
0.4170	0.1020	0.0630	0.4180
0.2730	0.3060	0.1250	0.2960
0.3890	0.1240	0.1770	0.3100
