0.4320	0.1150	0.1310	0.3220
0.5080	0.0610	0.2140	0.2170
0.2260	0.2760	0.2810	0.2170
0.0920	0.2870	0.3610	0.2600
0.9470	0.0100	0.0290	0.0140
0.0280	0.4400	0.5050	0.0270
0.0240	0.9560	0.0100	0.0100
0.0100	0.0180	0.0100	0.9620
0.0100	0.0100	0.9700	0.0100
0.0250	0.0100	0.0100	0.9550
0.0100	0.9700	0.0100	0.0100
0.9700	0.0100	0.0100	0.0100
0.6960	0.0220	0.0140	0.2680
0.3580	0.0910	0.0940	0.4570
0.4530	0.2040	0.1810	0.1620
0.2010	0.3930	0.1710	0.2350
