0.2780	0.2690	0.3320	0.1210
0.1920	0.2900	0.1650	0.3530
0.4900	0.0270	0.4470	0.0360
0.0920	0.6120	0.1350	0.1610
0.7150	0.0100	0.0430	0.2320
0.0170	0.0150	0.0100	0.9580
0.0100	0.9700	0.0100	0.0100
0.0100	0.9700	0.0100	0.0100
0.0100	0.0100	0.8720	0.1080
0.0100	0.0870	0.8570	0.0460
0.5670	0.0710	0.1940	0.1680
0.1780	0.0590	0.0410	0.7220
0.2560	0.2510	0.1580	0.3350
0.1840	0.3040	0.1260	0.3860
0.1450	0.2340	0.1500	0.4710
0.0930	0.3140	0.1900	0.4030
