0.1360	0.3150	0.1300	0.4190
0.3790	0.1480	0.1250	0.3480
0.3310	0.1720	0.1560	0.3410
0.2380	0.2690	0.2590	0.2340
0.0150	0.0730	0.7740	0.1380
0.8230	0.1080	0.0590	0.0100
0.0140	0.9650	0.0100	0.0110
0.0120	0.9680	0.0100	0.0100
0.0160	0.9620	0.0100	0.0120
0.0100	0.9700	0.0100	0.0100
0.0870	0.8050	0.0100	0.0980
0.0990	0.7610	0.0100	0.1300
0.4930	0.1770	0.1720	0.1580
0.1600	0.3280	0.1920	0.3200
0.4850	0.0870	0.2740	0.1540
0.2660	0.0870	0.3640	0.2830
