0.1200	0.2420	0.3000	0.3380
0.2360	0.2770	0.1920	0.2950
0.2040	0.1520	0.4670	0.1770
0.1880	0.1140	0.5140	0.1840
0.0470	0.0410	0.8380	0.0740
0.1320	0.0100	0.8480	0.0100
0.0100	0.0100	0.9610	0.0190
0.0100	0.6370	0.3430	0.0100
0.0100	0.3430	0.6370	0.0100
0.0290	0.9510	0.0100	0.0100
0.0150	0.8490	0.0100	0.1260
0.0730	0.8380	0.0410	0.0480
0.1940	0.5440	0.0630	0.1990
0.2110	0.2340	0.2590	0.2960
0.3760	0.1920	0.2610	0.1710
0.2300	0.2570	0.3000	0.2130
