0.3610	0.3000	0.1160	0.2230
0.3100	0.2280	0.1660	0.2960
0.1490	0.1770	0.2400	0.4340
0.3800	0.0960	0.2760	0.2480
0.3950	0.1740	0.1310	0.3000
0.4440	0.0710	0.2110	0.2740
0.3640	0.0740	0.3700	0.1920
0.7920	0.0380	0.0930	0.0770
0.9640	0.0100	0.0100	0.0160
0.0100	0.9550	0.0100	0.0250
0.9700	0.0100	0.0100	0.0100
0.9700	0.0100	0.0100	0.0100
0.0600	0.0100	0.0100	0.9200
0.4950	0.0240	0.2400	0.2410
0.3050	0.0950	0.5260	0.0740
0.4180	0.1960	0.1580	0.2280
0.3370	0.2200	0.1910	0.2520
0.1920	0.3000	0.1690	0.3390
0.2400	0.1450	0.1290	0.4860
0.2910	0.2710	0.1170	0.3210
0.2250	0.2960	0.2290	0.2500
0.4930	0.1710	0.0750	0.2610
