0.3670	0.1100	0.1550	0.3680
0.4360	0.1040	0.1860	0.2740
0.3090	0.1670	0.1990	0.3250
0.3300	0.2180	0.2080	0.2440
0.3270	0.0100	0.0680	0.5950
0.9340	0.0180	0.0110	0.0370
0.0100	0.9620	0.0100	0.0180
0.9400	0.0100	0.0110	0.0390
0.0480	0.0110	0.0100	0.9310
0.0280	0.0100	0.9520	0.0100
0.0360	0.0110	0.0180	0.9350
0.6000	0.0680	0.0100	0.3220
0.3490	0.2390	0.1960	0.2160
0.3770	0.1130	0.2110	0.2990
0.5410	0.0740	0.1160	0.2690
0.2100	0.2130	0.2450	0.3320
0.3040	0.1140	0.1340	0.4480
