0.1640	0.4790	0.2350	0.1220
0.2980	0.1280	0.2510	0.3230
0.3050	0.3530	0.1410	0.2010
0.5060	0.2090	0.1090	0.1760
0.7560	0.0190	0.2150	0.0100
0.0100	0.8080	0.0350	0.1470
0.3420	0.0100	0.0100	0.6380
0.0120	0.0100	0.0100	0.9680
0.0100	0.9700	0.0100	0.0100
0.0100	0.9700	0.0100	0.0100
0.0100	0.0100	0.9380	0.0420
0.0100	0.0420	0.9380	0.0100
0.1780	0.1430	0.0230	0.6560
0.2780	0.2350	0.2190	0.2680
0.2250	0.2760	0.2120	0.2870
0.1930	0.3850	0.1910	0.2310
