0.2860	0.1420	0.0550	0.5170
0.5490	0.0970	0.0750	0.2790
0.1820	0.0410	0.1810	0.5960
0.1770	0.0960	0.3470	0.3800
0.1710	0.2960	0.3310	0.2020
0.0750	0.1120	0.6720	0.1410
0.0220	0.1980	0.0150	0.7650
0.8330	0.1190	0.0190	0.0290
0.9540	0.0120	0.0120	0.0220
0.0230	0.0120	0.0120	0.9530
0.0290	0.0190	0.1190	0.8330
0.7650	0.0150	0.1980	0.0220
0.1120	0.7380	0.0580	0.0920
0.2020	0.3310	0.2960	0.1710
0.2570	0.1340	0.2910	0.3180
0.1790	0.2470	0.2400	0.3340
