0.2820	0.4130	0.1150	0.1900
0.3420	0.1350	0.2680	0.2550
0.4000	0.1730	0.1690	0.2580
0.3650	0.1960	0.2120	0.2270
0.2430	0.1780	0.2240	0.3550
0.0300	0.8080	0.0360	0.1260
0.0100	0.8150	0.0410	0.1340
0.9210	0.0590	0.0100	0.0100
0.0100	0.0100	0.9700	0.0100
0.9590	0.0210	0.0100	0.0100
0.0100	0.9700	0.0100	0.0100
0.6700	0.0120	0.2820	0.0360
0.1310	0.1710	0.3340	0.3640
0.1990	0.2900	0.2520	0.2590
0.4230	0.1910	0.1640	0.2220
0.2140	0.2870	0.2940	0.2050
0.3720	0.2850	0.1500	0.1930
