0.5040	0.2650	0.0870	0.1440
0.4870	0.2350	0.1160	0.1620
0.5290	0.0570	0.3850	0.0290
0.1820	0.3010	0.4350	0.0820
0.0100	0.4620	0.0100	0.5180
0.9200	0.0540	0.0160	0.0100
0.9660	0.0140	0.0100	0.0100
0.0100	0.0100	0.0140	0.9660
0.0100	0.0160	0.0540	0.9200
0.5180	0.0100	0.4620	0.0100
0.0560	0.3880	0.4020	0.1540
0.0290	0.3850	0.0570	0.5290
0.2510	0.2060	0.2960	0.2470
0.3820	0.2300	0.1560	0.2320
0.5590	0.0790	0.1510	0.2110
0.3150	0.1390	0.0810	0.4650
