0.6600	0.1160	0.1530	0.0710
0.3260	0.3930	0.1470	0.1340
0.2110	0.1050	0.5320	0.1520
0.0810	0.1940	0.4470	0.2780
0.0100	0.0880	0.0100	0.8920
0.8920	0.0880	0.0100	0.0100
0.9700	0.0100	0.0100	0.0100
0.0100	0.0100	0.0100	0.9700
0.0100	0.0100	0.0880	0.8920
0.8920	0.0100	0.0880	0.0100
0.2070	0.3140	0.4100	0.0690
0.1520	0.5320	0.1050	0.2110
0.2930	0.2050	0.0650	0.4370
0.2660	0.4100	0.0970	0.2270
0.5200	0.0690	0.1930	0.2180
0.2670	0.1380	0.3630	0.2320
