0.1710	0.3010	0.2760	0.2520
0.2750	0.4940	0.0910	0.1400
0.1360	0.7170	0.0330	0.1140
0.1160	0.7730	0.0460	0.0650
0.1040	0.8350	0.0320	0.0290
0.0570	0.8130	0.0710	0.0590
0.0570	0.7660	0.1570	0.0200
0.0720	0.1100	0.6320	0.1860
0.0590	0.0710	0.8130	0.0570
0.0290	0.0320	0.8350	0.1040
0.0650	0.0460	0.7730	0.1160
0.1140	0.0330	0.7170	0.1360
0.1200	0.0680	0.6090	0.2030
0.0660	0.2150	0.5630	0.1560
0.1790	0.1970	0.2060	0.4180
