0.1390	0.2660	0.2690	0.3260
0.2410	0.0880	0.3180	0.3530
0.2220	0.2420	0.2030	0.3330
0.4440	0.2900	0.0410	0.2250
0.6960	0.0730	0.0820	0.1490
0.1760	0.1170	0.0960	0.6110
0.0570	0.1240	0.0100	0.8090
0.9330	0.0100	0.0170	0.0400
0.9540	0.0100	0.0180	0.0180
0.0260	0.0100	0.0100	0.9540
0.0290	0.0180	0.2860	0.6670
0.7260	0.0100	0.1540	0.1100
0.4430	0.1080	0.2040	0.2450
0.0360	0.0900	0.2800	0.5940
0.2740	0.1580	0.1430	0.4250
0.2810	0.3530	0.1710	0.1950
