0.2420	0.1340	0.1960	0.4280
0.1700	0.3490	0.0640	0.4170
0.0380	0.2280	0.7180	0.0160
0.0100	0.9210	0.0590	0.0100
0.0100	0.9660	0.0100	0.0140
0.0100	0.6260	0.0260	0.3380
0.0220	0.2910	0.2720	0.4150
0.5900	0.1370	0.2470	0.0260
0.3430	0.0260	0.6210	0.0100
0.0280	0.0100	0.9520	0.0100
0.0100	0.0590	0.9210	0.0100
0.0170	0.7180	0.2280	0.0370
0.6650	0.0750	0.1510	0.1090
0.3150	0.1750	0.1720	0.3380
