0.1910	0.3520	0.1070	0.3500
0.4020	0.1970	0.1510	0.2500
0.3690	0.1930	0.2270	0.2110
0.2580	0.2610	0.3810	0.1000
0.1070	0.0670	0.8160	0.0100
0.0100	0.0220	0.0100	0.9580
0.0200	0.9600	0.0100	0.0100
0.1180	0.0100	0.8620	0.0100
0.0100	0.0100	0.0100	0.9700
0.9220	0.0100	0.0100	0.0580
0.9700	0.0100	0.0100	0.0100
0.9700	0.0100	0.0100	0.0100
0.5750	0.1500	0.0270	0.2480
0.1910	0.2090	0.1000	0.5000
0.1890	0.3690	0.1810	0.2610
0.2660	0.2030	0.1800	0.3510
0.2160	0.1420	0.2460	0.3960
