0.3630	0.1830	0.1450	0.3090
0.4200	0.1340	0.2230	0.2230
0.1640	0.4180	0.0520	0.3660
0.7160	0.1180	0.0650	0.1010
0.8840	0.0270	0.0330	0.0560
0.5590	0.1510	0.0330	0.2570
0.2670	0.4030	0.0270	0.3030
0.9400	0.0140	0.0350	0.0110
0.8970	0.0100	0.0360	0.0570
0.3060	0.5160	0.0550	0.1230
0.8810	0.0280	0.0480	0.0430
0.7100	0.0520	0.0400	0.1980
0.2470	0.1250	0.3190	0.3090
0.4300	0.1820	0.1770	0.2110
0.3400	0.0970	0.3550	0.2080
