0.3080	0.1400	0.2810	0.2710
0.1690	0.2070	0.1290	0.4950
0.3080	0.1190	0.3130	0.2600
0.3040	0.2430	0.0850	0.3680
0.4510	0.0960	0.3110	0.1420
0.3210	0.2400	0.0190	0.4200
0.0390	0.0100	0.0100	0.9410
0.8860	0.0940	0.0100	0.0100
0.9700	0.0100	0.0100	0.0100
0.0110	0.0100	0.0100	0.9690
0.0180	0.0210	0.1030	0.8580
0.9280	0.0100	0.0100	0.0520
0.4900	0.0470	0.3160	0.1470
0.1070	0.1690	0.4380	0.2860
0.2090	0.1750	0.0730	0.5430
0.5110	0.0530	0.1180	0.3180
