0.5850	0.0570	0.1750	0.1830
0.3450	0.1710	0.1440	0.3400
0.4970	0.1120	0.0870	0.3040
0.4570	0.1350	0.0330	0.3750
0.3430	0.4210	0.1710	0.0650
0.8730	0.0310	0.0100	0.0860
0.0100	0.0130	0.0100	0.9670
0.0360	0.9440	0.0100	0.0100
0.0150	0.0100	0.9650	0.0100
0.2090	0.0100	0.0220	0.7590
0.0380	0.0190	0.0290	0.9140
0.1580	0.0270	0.0210	0.7940
0.1400	0.1360	0.1180	0.6060
0.1250	0.2330	0.1830	0.4590
0.5240	0.1910	0.0500	0.2350
0.3750	0.0490	0.2920	0.2840
0.2680	0.1660	0.3090	0.2570
