0.1000	0.4420	0.1950	0.2630
0.2460	0.1450	0.3340	0.2750
0.3130	0.2610	0.1620	0.2640
0.4420	0.2000	0.2120	0.1460
0.1220	0.6740	0.0790	0.1250
0.9310	0.0100	0.0490	0.0100
0.0100	0.0100	0.9700	0.0100
0.0100	0.0100	0.0100	0.9700
0.0140	0.0100	0.9660	0.0100
0.0100	0.9700	0.0100	0.0100
0.0100	0.0100	0.0100	0.9700
0.0100	0.9700	0.0100	0.0100
0.5160	0.3990	0.0580	0.0270
0.1190	0.3900	0.1460	0.3450
0.3060	0.1660	0.1320	0.3960
0.3880	0.1290	0.2880	0.1950
0.3080	0.1520	0.1610	0.3790
