0.2120	0.2780	0.1530	0.3570
0.0640	0.4930	0.1520	0.2910
0.5870	0.0350	0.1440	0.2340
0.1170	0.3980	0.0950	0.3900
0.3730	0.3900	0.1080	0.1290
0.1090	0.7350	0.0880	0.0680
0.8600	0.0200	0.0720	0.0480
0.0300	0.0110	0.0100	0.9490
0.0310	0.9480	0.0100	0.0110
0.9310	0.0300	0.0210	0.0180
0.7410	0.0630	0.0260	0.1700
0.3140	0.0500	0.0590	0.5770
0.3240	0.3210	0.1470	0.2080
0.3930	0.1390	0.0900	0.3780
0.3560	0.1400	0.1470	0.3570
0.2610	0.2860	0.2400	0.2130
0.3670	0.3550	0.2060	0.0720
