0.2120	0.2740	0.2350	0.2790
0.2980	0.1050	0.2900	0.3070
0.5930	0.0480	0.1550	0.2040
0.4600	0.0530	0.1700	0.3170
0.1890	0.1550	0.5920	0.0640
0.4030	0.2860	0.2900	0.0210
0.0490	0.0100	0.9310	0.0100
0.0100	0.0100	0.9700	0.0100
0.9700	0.0100	0.0100	0.0100
0.9390	0.0100	0.0100	0.0410
0.0460	0.2700	0.6740	0.0100
0.0560	0.0930	0.0260	0.8250
0.3010	0.1230	0.2670	0.3090
0.2790	0.2760	0.2190	0.2260
