0.3940	0.0810	0.1010	0.4240
0.4660	0.1260	0.1310	0.2770
0.3190	0.1280	0.2570	0.2960
0.4070	0.1400	0.2530	0.2000
0.2200	0.0100	0.0290	0.7410
0.9470	0.0150	0.0130	0.0250
0.0100	0.9700	0.0100	0.0100
0.9560	0.0100	0.0110	0.0230
0.0310	0.0110	0.0100	0.9480
0.0140	0.0100	0.9660	0.0100
0.0250	0.0130	0.0150	0.9470
0.7430	0.0290	0.0100	0.2180
0.4050	0.1740	0.2070	0.2140
0.2960	0.1940	0.2860	0.2240
0.4000	0.1060	0.1240	0.3700
0.1770	0.1960	0.2690	0.3580
0.3400	0.1080	0.0840	0.4680
