0.2460	0.0810	0.1650	0.5080
0.1490	0.1990	0.1210	0.5310
0.2290	0.1520	0.0750	0.5440
0.3160	0.0970	0.2420	0.3450
0.6690	0.0100	0.3060	0.0150
0.8710	0.0100	0.0910	0.0280
0.0100	0.0280	0.9520	0.0100
0.0100	0.2190	0.0100	0.7610
0.7610	0.0100	0.2190	0.0100
0.0100	0.9520	0.0280	0.0100
0.0290	0.0910	0.0100	0.8700
0.0220	0.3060	0.0100	0.6620
0.4110	0.1720	0.2540	0.1630
0.7950	0.0190	0.0530	0.1330
0.5910	0.1240	0.1040	0.1810
0.2410	0.1150	0.2140	0.4300
0.1460	0.3600	0.1290	0.3650
