0.1920	0.1480	0.1460	0.5140
0.5150	0.1650	0.1190	0.2010
0.6330	0.1120	0.2310	0.0240
0.1050	0.1990	0.3860	0.3100
0.0100	0.2690	0.0100	0.7110
0.9500	0.0300	0.0100	0.0100
0.9700	0.0100	0.0100	0.0100
0.0110	0.0100	0.0100	0.9690
0.0100	0.0100	0.0300	0.9500
0.7110	0.0100	0.2690	0.0100
0.2700	0.2310	0.3480	0.1510
0.0250	0.2310	0.1120	0.6320
0.0990	0.1030	0.3810	0.4170
0.3440	0.1010	0.3210	0.2340
0.1790	0.1970	0.1050	0.5190
0.3830	0.1120	0.3300	0.1750
