0.2390	0.2210	0.3980	0.1420
0.1330	0.1560	0.1900	0.5210
0.1580	0.3650	0.2890	0.1880
0.2160	0.5560	0.1260	0.1020
0.4950	0.0590	0.3760	0.0700
0.0130	0.3770	0.0100	0.6000
0.0100	0.1260	0.0100	0.8540
0.9700	0.0100	0.0100	0.0100
0.9700	0.0100	0.0100	0.0100
0.0100	0.0100	0.0100	0.9700
0.0100	0.0100	0.0100	0.9700
0.8540	0.0100	0.1260	0.0100
0.6030	0.0100	0.3770	0.0100
0.1570	0.1620	0.1400	0.5410
0.1760	0.1130	0.4430	0.2680
0.0890	0.3640	0.3710	0.1760
0.5300	0.0970	0.0690	0.3040
