0.3060	0.2140	0.2690	0.2110
0.2800	0.2180	0.1410	0.3610
0.3910	0.1620	0.1940	0.2530
0.7020	0.1020	0.0420	0.1540
0.4280	0.0680	0.3250	0.1790
0.1440	0.1910	0.6100	0.0550
0.0140	0.0210	0.9550	0.0100
0.0200	0.9570	0.0130	0.0100
0.0100	0.0240	0.9560	0.0100
0.0100	0.9020	0.0780	0.0100
0.0110	0.0980	0.8650	0.0260
0.0390	0.8650	0.0250	0.0710
0.1480	0.3280	0.4070	0.1170
0.4630	0.2040	0.1080	0.2250
0.2930	0.2300	0.0830	0.3940
