0.1940	0.2220	0.2640	0.3200
0.2880	0.3080	0.1010	0.3030
0.2850	0.1620	0.1330	0.4200
0.2530	0.1270	0.2760	0.3440
0.2210	0.0260	0.3670	0.3860
0.0160	0.0100	0.8800	0.0940
0.1850	0.0100	0.7310	0.0740
0.0100	0.9700	0.0100	0.0100
0.0670	0.0100	0.9130	0.0100
0.0100	0.0100	0.0100	0.9700
0.9700	0.0100	0.0100	0.0100
0.0100	0.9700	0.0100	0.0100
0.1500	0.6210	0.1930	0.0360
0.1010	0.5600	0.1130	0.2260
0.1770	0.2600	0.1810	0.3820
0.4250	0.2240	0.1440	0.2070
0.4520	0.1230	0.2180	0.2070
