0.1430	0.5460	0.1360	0.1750
0.0550	0.3810	0.3490	0.2150
0.2020	0.4810	0.0630	0.2540
0.6640	0.0700	0.1440	0.1220
0.0980	0.2710	0.0380	0.5930
0.0170	0.1540	0.0100	0.8190
0.9490	0.0260	0.0150	0.0100
0.9640	0.0100	0.0160	0.0100
0.0100	0.0160	0.0100	0.9640
0.0100	0.0150	0.0260	0.9490
0.8260	0.0100	0.1540	0.0100
0.5930	0.0380	0.2710	0.0980
0.1820	0.0990	0.1080	0.6110
0.2120	0.3560	0.1610	0.2710
0.5090	0.2650	0.1510	0.0750
0.1610	0.4370	0.2080	0.1940
0.0940	0.3670	0.1780	0.3610
