0.0530	0.2330	0.4650	0.2490
0.1300	0.2340	0.2490	0.3870
0.5140	0.3140	0.1340	0.0380
0.0690	0.1140	0.4960	0.3210
0.0600	0.0510	0.0100	0.8790
0.9250	0.0450	0.0100	0.0200
0.9700	0.0100	0.0100	0.0100
0.0140	0.0100	0.0100	0.9660
0.0250	0.0100	0.0450	0.9200
0.8840	0.0100	0.0510	0.0550
0.4690	0.2500	0.1800	0.1010
0.0380	0.1340	0.3140	0.5140
0.2230	0.1840	0.4470	0.1460
0.1470	0.1690	0.5300	0.1540
0.3670	0.2960	0.0980	0.2390
0.3970	0.3320	0.1940	0.0770
