0.3490	0.1770	0.1590	0.3150
0.2410	0.3010	0.2250	0.2330
0.3000	0.1770	0.1890	0.3340
0.4140	0.1410	0.1030	0.3420
0.0330	0.0180	0.0100	0.9390
0.0210	0.3310	0.6380	0.0100
0.9690	0.0100	0.0100	0.0110
0.9690	0.0100	0.0100	0.0110
0.0130	0.0100	0.0100	0.9670
0.0100	0.0200	0.9330	0.0370
0.7480	0.0100	0.2320	0.0100
0.8660	0.0390	0.0730	0.0220
0.1110	0.1150	0.0440	0.7300
0.1860	0.1550	0.4420	0.2170
0.3660	0.1530	0.2570	0.2240
0.2160	0.2610	0.2390	0.2840
