0.1890	0.3960	0.2390	0.1760
0.2710	0.1760	0.2660	0.2870
0.2660	0.3250	0.2010	0.2080
0.4680	0.2200	0.1430	0.1690
0.8240	0.0100	0.1560	0.0100
0.0100	0.8200	0.0230	0.1470
0.2590	0.0100	0.0100	0.7210
0.0100	0.0100	0.0100	0.9700
0.0100	0.9700	0.0100	0.0100
0.0100	0.9700	0.0100	0.0100
0.0100	0.0100	0.9530	0.0270
0.0100	0.0330	0.9470	0.0100
0.2300	0.1430	0.0290	0.5980
0.2850	0.2830	0.2080	0.2240
0.2720	0.2510	0.2900	0.1870
0.2200	0.3910	0.1580	0.2310
