0.2760	0.2080	0.1600	0.3560
0.4980	0.1170	0.1920	0.1930
0.6320	0.0470	0.1280	0.1930
0.2540	0.1740	0.3980	0.1740
0.0930	0.7580	0.1330	0.0160
0.0100	0.8220	0.0100	0.1580
0.8500	0.0150	0.0100	0.1250
0.0220	0.9580	0.0100	0.0100
0.0100	0.0100	0.0100	0.9700
0.0100	0.2180	0.0100	0.7620
0.2790	0.1780	0.5270	0.0160
0.8860	0.0100	0.0260	0.0780
0.4290	0.3850	0.1490	0.0370
0.5110	0.1620	0.0440	0.2830
0.2250	0.1900	0.0480	0.5370
0.1360	0.2550	0.0510	0.5580
