0.1910	0.2770	0.2400	0.2920
0.1330	0.1870	0.1110	0.5690
0.9350	0.0210	0.0340	0.0100
0.0130	0.0230	0.0100	0.9540
0.0100	0.0100	0.9700	0.0100
0.0590	0.0100	0.0340	0.8970
0.8930	0.0100	0.0870	0.0100
0.0100	0.9410	0.0100	0.0390
0.0350	0.2650	0.0370	0.6630
0.9670	0.0100	0.0100	0.0130
0.9700	0.0100	0.0100	0.0100
0.0210	0.0100	0.0100	0.9590
0.4270	0.1230	0.1180	0.3320
0.4470	0.2850	0.0620	0.2060
