0.1760	0.2420	0.3410	0.2410
0.5020	0.0990	0.2380	0.1610
0.4430	0.0240	0.4920	0.0410
0.7610	0.0240	0.0880	0.1270
0.8050	0.0320	0.0230	0.1400
0.3070	0.3190	0.1050	0.2690
0.0460	0.4830	0.4300	0.0410
0.0530	0.0150	0.9220	0.0100
0.7910	0.0980	0.0970	0.0140
0.8490	0.0240	0.0110	0.1160
0.8880	0.0510	0.0100	0.0510
0.0500	0.7770	0.1240	0.0490
0.1000	0.3960	0.0900	0.4140
0.2890	0.1510	0.4140	0.1460
