0.3810	0.4640	0.0700	0.0850
0.3730	0.2520	0.0950	0.2800
0.4000	0.3470	0.1190	0.1340
0.5830	0.1490	0.1270	0.1410
0.7430	0.1180	0.0500	0.0890
0.0550	0.2970	0.0940	0.5540
0.0170	0.5080	0.0100	0.4650
0.5990	0.3620	0.0190	0.0200
0.6970	0.2830	0.0100	0.0100
0.0140	0.0130	0.0100	0.9630
0.0130	0.0140	0.0100	0.9630
0.9330	0.0100	0.0100	0.0470
0.6560	0.0420	0.2120	0.0900
0.1460	0.1100	0.3080	0.4360
0.3240	0.0990	0.1370	0.4400
0.2050	0.2850	0.0760	0.4340
