0.3120	0.2030	0.2130	0.2720
0.3410	0.1780	0.2570	0.2240
0.0480	0.0900	0.5160	0.3460
0.1960	0.1190	0.3520	0.3330
0.2950	0.3060	0.1580	0.2410
0.2140	0.0190	0.7250	0.0420
0.7020	0.2290	0.0500	0.0190
0.8270	0.0120	0.0620	0.0990
0.9200	0.0100	0.0260	0.0440
0.0190	0.0240	0.0290	0.9280
0.0300	0.8970	0.0430	0.0300
0.8650	0.0450	0.0140	0.0760
0.1770	0.2170	0.1560	0.4500
0.2280	0.3250	0.2040	0.2430
0.1400	0.2990	0.3060	0.2550
0.3380	0.3450	0.0580	0.2590
0.4030	0.2290	0.1920	0.1760
