0.1250	0.1210	0.2000	0.5540
0.6050	0.1220	0.1080	0.1650
0.6000	0.0820	0.2050	0.1130
0.3300	0.0480	0.2870	0.3350
0.0690	0.2300	0.0140	0.6870
0.7230	0.1220	0.0310	0.1240
0.9170	0.0220	0.0220	0.0390
0.0350	0.0130	0.0120	0.9400
0.0470	0.0110	0.0100	0.9320
0.9530	0.0100	0.0120	0.0250
0.7950	0.0510	0.0220	0.1320
0.0710	0.0890	0.0500	0.7900
0.3550	0.0410	0.4670	0.1370
0.2440	0.0650	0.5630	0.1280
0.1860	0.5000	0.0770	0.2370
0.1880	0.0920	0.1350	0.5850
0.3650	0.2070	0.1830	0.2450
