0.3190	0.1300	0.3990	0.1520
0.4830	0.2110	0.0860	0.2200
0.2140	0.0860	0.2070	0.4930
0.3930	0.1370	0.4040	0.0660
0.2160	0.0490	0.6860	0.0490
0.0400	0.0540	0.8700	0.0360
0.2030	0.0100	0.7770	0.0100
0.0100	0.0100	0.0530	0.9270
0.9460	0.0100	0.0340	0.0100
0.0100	0.0100	0.0100	0.9700
0.0100	0.9700	0.0100	0.0100
0.9090	0.0220	0.0380	0.0310
0.1780	0.2740	0.1180	0.4300
0.2290	0.1590	0.3040	0.3080
0.3310	0.1580	0.1190	0.3920
0.1600	0.2680	0.2800	0.2920
0.1770	0.0680	0.2300	0.5250
