0.3050	0.1330	0.1730	0.3890
0.2580	0.1970	0.1470	0.3980
0.2580	0.1220	0.2570	0.3630
0.4470	0.0940	0.2900	0.1690
0.1480	0.0910	0.6320	0.1290
0.8280	0.0260	0.1310	0.0150
0.9700	0.0100	0.0100	0.0100
0.0100	0.9370	0.0100	0.0430
0.9700	0.0100	0.0100	0.0100
0.9690	0.0100	0.0110	0.0100
0.0310	0.0120	0.0100	0.9470
0.4920	0.0150	0.0850	0.4080
0.4520	0.1000	0.2440	0.2040
0.4340	0.1140	0.2170	0.2350
0.3330	0.2550	0.0930	0.3190
0.3340	0.1150	0.1840	0.3670
