0.4050	0.2930	0.2210	0.0810
0.3980	0.0990	0.3340	0.1690
0.0500	0.1900	0.3370	0.4230
0.2440	0.2260	0.3240	0.2060
0.0310	0.5500	0.0100	0.4090
0.7140	0.2280	0.0210	0.0370
0.8340	0.0110	0.0220	0.1330
0.0100	0.0260	0.0100	0.9540
0.8120	0.0100	0.0100	0.1680
0.9520	0.0100	0.0100	0.0280
0.9250	0.0100	0.0100	0.0550
0.8510	0.0580	0.0650	0.0260
0.1930	0.2430	0.0500	0.5140
0.2670	0.0810	0.2400	0.4120
0.3360	0.1250	0.1880	0.3510
0.4070	0.1210	0.1870	0.2850
0.2810	0.2420	0.1600	0.3170
