0.2050	0.1980	0.1710	0.4260
0.1670	0.2970	0.2460	0.2900
0.2670	0.1480	0.3990	0.1860
0.5490	0.0600	0.3370	0.0540
0.0510	0.9000	0.0220	0.0270
0.0380	0.9200	0.0100	0.0320
0.4100	0.5640	0.0160	0.0100
0.0100	0.9700	0.0100	0.0100
0.2040	0.0100	0.7490	0.0370
0.0100	0.9700	0.0100	0.0100
0.0100	0.9700	0.0100	0.0100
0.0100	0.9300	0.0100	0.0500
0.2600	0.4220	0.0250	0.2930
0.1850	0.2480	0.0850	0.4820
0.3480	0.1970	0.1400	0.3150
0.2550	0.1670	0.2420	0.3360
