0.3150	0.3660	0.2240	0.0950
0.2270	0.1790	0.4920	0.1020
0.3820	0.1750	0.1900	0.2530
0.5800	0.0930	0.1650	0.1620
0.0340	0.1660	0.0240	0.7760
0.0110	0.0800	0.0100	0.8990
0.9700	0.0100	0.0100	0.0100
0.9700	0.0100	0.0100	0.0100
0.0180	0.0100	0.0100	0.9620
0.0100	0.0100	0.0100	0.9700
0.9000	0.0100	0.0800	0.0100
0.7760	0.0240	0.1660	0.0340
0.3720	0.1460	0.0850	0.3970
0.4980	0.1180	0.0910	0.2930
0.6430	0.1130	0.0560	0.1880
0.2760	0.2920	0.1370	0.2950
0.1500	0.1820	0.3490	0.3190
