0.2600	0.2530	0.2240	0.2630
0.2400	0.2340	0.1910	0.3350
0.2580	0.1890	0.2420	0.3110
0.3240	0.1660	0.1610	0.3490
0.8250	0.1190	0.0270	0.0290
0.0100	0.9700	0.0100	0.0100
0.6430	0.0100	0.3370	0.0100
0.0100	0.0100	0.9700	0.0100
0.0470	0.0100	0.0100	0.9330
0.9570	0.0100	0.0230	0.0100
0.0100	0.0100	0.9700	0.0100
0.0100	0.9210	0.0110	0.0580
0.4500	0.1610	0.1060	0.2830
0.3930	0.3040	0.1870	0.1160
0.3620	0.2090	0.1760	0.2530
0.4210	0.1090	0.2890	0.1810
