0.4530	0.0990	0.2910	0.1570
0.5870	0.1170	0.0870	0.2090
0.1920	0.0440	0.2570	0.5070
0.2990	0.1070	0.5190	0.0750
0.1180	0.0410	0.7970	0.0440
0.0100	0.0300	0.9240	0.0360
0.1270	0.0100	0.8530	0.0100
0.0100	0.0100	0.0460	0.9340
0.9420	0.0100	0.0380	0.0100
0.0100	0.0100	0.0100	0.9700
0.0100	0.9700	0.0100	0.0100
0.9040	0.0230	0.0540	0.0190
0.1660	0.5050	0.0770	0.2520
0.2530	0.1690	0.2890	0.2890
0.3370	0.0810	0.0590	0.5230
0.2340	0.2690	0.2150	0.2820
0.1720	0.0840	0.2240	0.5200
