0.3950	0.2330	0.0850	0.2870
0.1690	0.4290	0.3010	0.1010
0.1770	0.3580	0.1990	0.2660
0.2270	0.1700	0.3440	0.2590
0.1130	0.0300	0.8200	0.0370
0.0150	0.6170	0.0100	0.3580
0.7820	0.1600	0.0150	0.0430
0.9680	0.0100	0.0120	0.0100
0.0150	0.0100	0.0100	0.9650
0.1900	0.0100	0.0100	0.7900
0.9610	0.0100	0.0100	0.0190
0.7880	0.0410	0.0240	0.1470
0.0980	0.2360	0.0710	0.5950
0.5970	0.1400	0.1320	0.1310
0.4020	0.1350	0.3190	0.1440
0.4520	0.1020	0.1240	0.3220
