0.2430	0.2300	0.2590	0.2680
0.2400	0.0840	0.4080	0.2680
0.3900	0.1310	0.2220	0.2570
0.4590	0.1710	0.2740	0.0960
0.2880	0.1030	0.5570	0.0520
0.1060	0.0100	0.8740	0.0100
0.0100	0.0100	0.9700	0.0100
0.9340	0.0460	0.0100	0.0100
0.0100	0.0100	0.0100	0.9700
0.0100	0.0110	0.0100	0.9690
0.8960	0.0100	0.0100	0.0840
0.7010	0.0390	0.1910	0.0690
0.0920	0.1640	0.0940	0.6500
0.2580	0.3170	0.1150	0.3100
0.3800	0.1260	0.2510	0.2430
0.2820	0.1660	0.2080	0.3440
0.1870	0.4290	0.1020	0.2820
