0.3030	0.3900	0.1620	0.1450
0.2630	0.1100	0.4660	0.1610
0.3140	0.0800	0.1710	0.4350
0.6580	0.0420	0.0550	0.2450
0.1750	0.2810	0.0690	0.4750
0.0150	0.8920	0.0100	0.0830
0.0120	0.0100	0.9680	0.0100
0.9700	0.0100	0.0100	0.0100
0.9340	0.0100	0.0100	0.0460
0.9700	0.0100	0.0100	0.0100
0.0220	0.9410	0.0270	0.0100
0.0290	0.5690	0.0180	0.3840
0.3970	0.1340	0.3240	0.1450
0.3270	0.2790	0.1980	0.1960
0.5060	0.1430	0.1660	0.1850
