0.2950	0.1380	0.3290	0.2380
0.3870	0.2380	0.2590	0.1160
0.2680	0.1860	0.2040	0.3420
0.0910	0.0490	0.2080	0.6520
0.8010	0.0980	0.0230	0.0780
0.8880	0.0400	0.0220	0.0500
0.0560	0.0140	0.0100	0.9200
0.0330	0.0150	0.0210	0.9310
0.9300	0.0210	0.0150	0.0340
0.9200	0.0100	0.0140	0.0560
0.0510	0.0220	0.0400	0.8870
0.0790	0.0230	0.0980	0.8000
0.7920	0.0940	0.0170	0.0970
0.4340	0.1150	0.2060	0.2450
0.2420	0.1890	0.3330	0.2360
0.2230	0.1360	0.1960	0.4450
0.1540	0.4830	0.1820	0.1810
