0.1860	0.2010	0.1840	0.4290
0.3710	0.2340	0.1230	0.2720
0.2500	0.1710	0.1290	0.4500
0.5830	0.0430	0.1290	0.2450
0.0410	0.3950	0.4970	0.0670
0.7590	0.0100	0.0100	0.2210
0.0570	0.0100	0.0100	0.9230
0.0440	0.8660	0.0560	0.0340
0.9630	0.0100	0.0100	0.0170
0.9680	0.0100	0.0120	0.0100
0.9380	0.0100	0.0200	0.0320
0.1260	0.0580	0.7980	0.0180
0.2090	0.1720	0.4840	0.1350
0.4860	0.1290	0.3100	0.0750
0.3970	0.1960	0.1520	0.2550
0.3120	0.2320	0.1580	0.2980
0.3210	0.2060	0.1640	0.3090
