0.2800	0.2060	0.3380	0.1760
0.2130	0.1210	0.3760	0.2900
0.3720	0.2240	0.2400	0.1640
0.2010	0.0560	0.5890	0.1540
0.1410	0.0490	0.7960	0.0140
0.0260	0.1970	0.0100	0.7670
0.2870	0.6880	0.0120	0.0130
0.8820	0.0100	0.0980	0.0100
0.0200	0.0110	0.0100	0.9590
0.2870	0.0100	0.0100	0.6930
0.9700	0.0100	0.0100	0.0100
0.9490	0.0170	0.0100	0.0240
0.2420	0.2970	0.0530	0.4080
0.2120	0.2700	0.0900	0.4280
0.3330	0.0920	0.2600	0.3150
0.1820	0.2040	0.2460	0.3680
