0.3840	0.1290	0.2930	0.1940
0.3480	0.2570	0.2490	0.1460
0.2020	0.2730	0.2140	0.3110
0.0970	0.0480	0.1710	0.6840
0.8180	0.1270	0.0190	0.0360
0.9080	0.0340	0.0230	0.0350
0.0500	0.0100	0.0100	0.9300
0.0310	0.0100	0.0160	0.9430
0.9430	0.0160	0.0100	0.0310
0.9330	0.0100	0.0100	0.0470
0.0350	0.0230	0.0340	0.9080
0.0360	0.0190	0.1270	0.8180
0.8090	0.1070	0.0100	0.0740
0.6580	0.1040	0.1610	0.0770
0.1200	0.1980	0.3350	0.3470
0.2030	0.1150	0.1450	0.5370
0.2690	0.2750	0.2220	0.2340
