0.4960	0.2430	0.1780	0.0830
0.1880	0.3440	0.3330	0.1350
0.2210	0.1270	0.5300	0.1220
0.1570	0.1530	0.1510	0.5390
0.0120	0.1190	0.0100	0.8590
0.8760	0.1040	0.0100	0.0100
0.9640	0.0150	0.0100	0.0110
0.0210	0.0100	0.0150	0.9540
0.0100	0.0100	0.1040	0.8760
0.8610	0.0100	0.1190	0.0100
0.3500	0.2500	0.3410	0.0590
0.1210	0.5300	0.1270	0.2220
0.1890	0.3660	0.0900	0.3550
0.2260	0.4000	0.1180	0.2560
0.6450	0.0830	0.1250	0.1470
0.2030	0.1030	0.5090	0.1850
