0.1920	0.3680	0.0540	0.3860
0.1870	0.0850	0.0780	0.6500
0.1440	0.0970	0.5980	0.1610
0.3670	0.0950	0.3280	0.2100
0.2360	0.0870	0.4380	0.2390
0.1380	0.2380	0.2910	0.3330
0.0110	0.1450	0.0100	0.8340
0.8560	0.1240	0.0100	0.0100
0.9700	0.0100	0.0100	0.0100
0.0100	0.0100	0.0100	0.9700
0.0100	0.0100	0.1240	0.8560
0.8350	0.0100	0.1450	0.0100
0.3740	0.3690	0.1430	0.1140
0.2400	0.4380	0.0870	0.2350
0.1190	0.3670	0.3060	0.2080
0.0900	0.2200	0.2110	0.4790
