0.1800	0.2670	0.3830	0.1700
0.2100	0.2180	0.3530	0.2190
0.1830	0.2130	0.3410	0.2630
0.2180	0.2040	0.1880	0.3900
0.0870	0.1110	0.0820	0.7200
0.0440	0.0960	0.0460	0.8140
0.6960	0.0100	0.1820	0.1120
0.8860	0.0100	0.0100	0.0940
0.1060	0.0100	0.0100	0.8740
0.1120	0.1820	0.0100	0.6960
0.8150	0.0460	0.0960	0.0430
0.7200	0.0820	0.1110	0.0870
0.5990	0.0460	0.0850	0.2700
0.4700	0.2830	0.0570	0.1900
0.2340	0.2290	0.1900	0.3470
0.2680	0.2320	0.1340	0.3660
0.2410	0.3010	0.2010	0.2570
