0.1740	0.3680	0.2700	0.1880
0.3600	0.3100	0.1110	0.2190
0.0940	0.7900	0.0260	0.0900
0.1150	0.7790	0.0510	0.0550
0.1050	0.8380	0.0320	0.0250
0.0450	0.8250	0.0740	0.0560
0.1460	0.5930	0.2280	0.0330
0.0450	0.1750	0.6080	0.1720
0.0560	0.0740	0.8250	0.0450
0.0250	0.0320	0.8380	0.1050
0.0550	0.0510	0.7790	0.1150
0.0890	0.0260	0.7900	0.0950
0.0610	0.0680	0.7170	0.1540
0.0980	0.1950	0.5920	0.1150
