0.3690	0.0860	0.2050	0.3400
0.3320	0.1600	0.2840	0.2240
0.2910	0.1900	0.2300	0.2890
0.2950	0.2180	0.2650	0.2220
0.2240	0.0100	0.0470	0.7190
0.9350	0.0140	0.0140	0.0370
0.0100	0.9700	0.0100	0.0100
0.9240	0.0100	0.0160	0.0500
0.0590	0.0160	0.0100	0.9150
0.0120	0.0100	0.9680	0.0100
0.0370	0.0140	0.0140	0.9350
0.7220	0.0470	0.0100	0.2210
0.4490	0.2270	0.1660	0.1580
0.3130	0.0700	0.1790	0.4380
0.5230	0.0750	0.1060	0.2960
0.1860	0.3870	0.1290	0.2980
0.2770	0.1280	0.1890	0.4060
