0.1930	0.1400	0.3650	0.3020
0.2700	0.3060	0.1210	0.3030
0.2160	0.2170	0.1900	0.3770
0.5810	0.1050	0.0890	0.2250
0.9050	0.0340	0.0110	0.0500
0.0930	0.0160	0.0310	0.8600
0.1920	0.0180	0.0180	0.7720
0.7890	0.0110	0.1830	0.0170
0.0160	0.1830	0.0110	0.7900
0.7720	0.0180	0.0180	0.1920
0.8610	0.0310	0.0160	0.0920
0.0500	0.0110	0.0340	0.9050
0.3680	0.1050	0.1270	0.4000
0.4390	0.1140	0.1540	0.2930
0.2580	0.0780	0.3240	0.3400
0.2730	0.2900	0.2080	0.2290
