0.3330	0.1320	0.2900	0.2450
0.3310	0.2650	0.2450	0.1590
0.2060	0.2010	0.1800	0.4130
0.1220	0.0660	0.2200	0.5920
0.8370	0.0780	0.0220	0.0630
0.9170	0.0330	0.0170	0.0330
0.0650	0.0100	0.0100	0.9150
0.0270	0.0100	0.0170	0.9460
0.9480	0.0170	0.0100	0.0250
0.9190	0.0100	0.0100	0.0610
0.0320	0.0170	0.0330	0.9180
0.0640	0.0220	0.0780	0.8360
0.8230	0.0740	0.0100	0.0930
0.4800	0.1590	0.1950	0.1660
0.2490	0.1790	0.2620	0.3100
0.2130	0.1270	0.1660	0.4940
0.1580	0.4790	0.1610	0.2020
