0.1130	0.4300	0.0740	0.3830
0.1000	0.3660	0.1360	0.3980
0.0840	0.1400	0.0940	0.6820
0.1570	0.1510	0.1020	0.5900
0.8040	0.0100	0.1670	0.0190
0.8800	0.0100	0.0910	0.0190
0.0100	0.0190	0.9610	0.0100
0.0100	0.2510	0.0100	0.7290
0.7290	0.0100	0.2510	0.0100
0.0100	0.9610	0.0190	0.0100
0.0220	0.0910	0.0100	0.8770
0.0260	0.1670	0.0100	0.7970
0.5340	0.1740	0.2000	0.0920
0.5820	0.0790	0.2270	0.1120
0.2100	0.2090	0.1910	0.3900
0.2320	0.1690	0.4040	0.1950
