0.2570	0.3630	0.1490	0.2310
0.3130	0.1350	0.1900	0.3620
0.2550	0.1290	0.3550	0.2610
0.6680	0.0540	0.2060	0.0720
0.2000	0.3400	0.1140	0.3460
0.0300	0.9090	0.0100	0.0510
0.0200	0.0100	0.9600	0.0100
0.9700	0.0100	0.0100	0.0100
0.6990	0.0100	0.0100	0.2810
0.9700	0.0100	0.0100	0.0100
0.0100	0.9690	0.0110	0.0100
0.0220	0.6110	0.0190	0.3480
0.5380	0.1250	0.2420	0.0950
0.4570	0.2050	0.1770	0.1610
0.3730	0.1890	0.1960	0.2420
0.2170	0.1980	0.3000	0.2850
0.2780	0.1880	0.2370	0.2970
