0.5050	0.1400	0.1350	0.2200
0.2820	0.2450	0.3010	0.1720
0.1840	0.1010	0.3850	0.3300
0.3270	0.2700	0.1940	0.2090
0.1430	0.5570	0.0670	0.2330
0.0380	0.0140	0.9320	0.0160
0.0920	0.7730	0.1250	0.0100
0.0100	0.0100	0.0100	0.9700
0.0330	0.0100	0.9470	0.0100
0.0100	0.0100	0.0100	0.9700
0.6030	0.0100	0.0100	0.3770
0.7980	0.0300	0.0320	0.1400
0.5300	0.1010	0.0170	0.3520
0.2440	0.1260	0.4010	0.2290
0.2070	0.2850	0.3540	0.1540
0.2820	0.1880	0.4410	0.0890
0.4230	0.1530	0.0940	0.3300
