0.3030	0.1330	0.2500	0.3140
0.3790	0.1860	0.2510	0.1840
0.1850	0.1440	0.2630	0.4080
0.3090	0.0400	0.2360	0.4150
0.8180	0.1090	0.0330	0.0400
0.0190	0.0100	0.0130	0.9580
0.0100	0.0100	0.9700	0.0100
0.0100	0.0100	0.9700	0.0100
0.0100	0.0100	0.9700	0.0100
0.9510	0.0120	0.0230	0.0140
0.0100	0.0100	0.0100	0.9700
0.1460	0.0100	0.8340	0.0100
0.0100	0.0450	0.5420	0.4030
0.4060	0.3760	0.1340	0.0840
0.2570	0.1600	0.2710	0.3120
0.3880	0.1420	0.2150	0.2550
0.3410	0.2740	0.2060	0.1790
