0.2020	0.1650	0.2010	0.4320
0.1360	0.4430	0.1790	0.2420
0.2630	0.5550	0.0680	0.1140
0.1420	0.7380	0.0460	0.0740
0.0450	0.8840	0.0450	0.0260
0.2460	0.5910	0.0230	0.1400
0.1230	0.5910	0.0330	0.2530
0.0180	0.9450	0.0100	0.0270
0.0350	0.9450	0.0100	0.0100
0.0200	0.9540	0.0100	0.0160
0.0150	0.9640	0.0100	0.0110
0.0290	0.9360	0.0120	0.0230
0.3000	0.5170	0.0300	0.1530
0.1590	0.5130	0.0520	0.2760
0.1580	0.6470	0.1330	0.0620
