0.3520	0.2380	0.1440	0.2660
0.1950	0.2360	0.2810	0.2880
0.3490	0.1730	0.2110	0.2670
0.4840	0.1100	0.1730	0.2330
0.2770	0.0710	0.4800	0.1720
0.8590	0.0440	0.0840	0.0130
0.9700	0.0100	0.0100	0.0100
0.0100	0.9700	0.0100	0.0100
0.9700	0.0100	0.0100	0.0100
0.9700	0.0100	0.0100	0.0100
0.6930	0.0100	0.0100	0.2870
0.1890	0.0100	0.7910	0.0100
0.3520	0.0730	0.5650	0.0100
0.5420	0.1770	0.1930	0.0880
0.1960	0.3040	0.2060	0.2940
0.2890	0.2010	0.1830	0.3270
0.3860	0.2160	0.1520	0.2460
