0.3470	0.0820	0.2030	0.3680
0.1690	0.5990	0.0470	0.1850
0.0860	0.1060	0.0590	0.7490
0.1290	0.0850	0.0770	0.7090
0.0320	0.0100	0.0160	0.9420
0.0130	0.8690	0.0100	0.1080
0.0180	0.1040	0.4500	0.4280
0.8010	0.0110	0.0160	0.1720
0.1410	0.0550	0.7620	0.0420
0.0730	0.0210	0.8120	0.0940
0.8780	0.0150	0.0450	0.0620
0.8760	0.0270	0.0140	0.0830
0.2060	0.2130	0.0410	0.5400
0.2440	0.2280	0.1680	0.3600
0.2090	0.3040	0.1480	0.3390
0.2020	0.2940	0.3350	0.1690
