0.1670	0.2650	0.3460	0.2220
0.3360	0.3140	0.1530	0.1970
0.1050	0.2320	0.3480	0.3150
0.1310	0.2160	0.2910	0.3620
0.1260	0.0720	0.4050	0.3970
0.0500	0.0390	0.3250	0.5860
0.6950	0.0100	0.2850	0.0100
0.0100	0.9700	0.0100	0.0100
0.0100	0.0100	0.9700	0.0100
0.0100	0.2850	0.0100	0.6950
0.5860	0.3250	0.0390	0.0500
0.3970	0.4050	0.0720	0.1260
0.2070	0.2350	0.3720	0.1860
0.4360	0.1450	0.1810	0.2380
0.1760	0.2600	0.2310	0.3330
0.2720	0.2130	0.3120	0.2030
0.2370	0.2510	0.2670	0.2450
