0.2990	0.2580	0.1420	0.3010
0.2680	0.1440	0.1470	0.4410
0.4830	0.2120	0.2340	0.0710
0.4310	0.0740	0.3340	0.1610
0.1250	0.6980	0.1670	0.0100
0.0100	0.8760	0.0100	0.1040
0.9200	0.0100	0.0100	0.0600
0.0240	0.9560	0.0100	0.0100
0.0100	0.0100	0.0100	0.9700
0.0100	0.1980	0.0100	0.7820
0.1350	0.1050	0.7500	0.0100
0.9320	0.0100	0.0100	0.0480
0.5050	0.1060	0.3610	0.0280
0.6730	0.0750	0.1070	0.1450
0.3560	0.0980	0.2300	0.3160
0.1290	0.1880	0.2040	0.4790
0.2890	0.1580	0.2320	0.3210
