0.3250	0.2870	0.3440	0.0440
0.2680	0.2360	0.3810	0.1150
0.3150	0.0780	0.3100	0.2970
0.4890	0.0910	0.3130	0.1070
0.0110	0.2940	0.0100	0.6850
0.9700	0.0100	0.0100	0.0100
0.9700	0.0100	0.0100	0.0100
0.0150	0.0100	0.0100	0.9650
0.0100	0.0100	0.0100	0.9700
0.6860	0.0100	0.2940	0.0100
0.0810	0.3700	0.2830	0.2660
0.2960	0.3100	0.0780	0.3160
0.1780	0.3180	0.0810	0.4230
0.2550	0.4360	0.1190	0.1900
0.6180	0.1060	0.1530	0.1230
0.1730	0.1910	0.4510	0.1850
