0.2070	0.3050	0.2290	0.2590
0.3960	0.3300	0.1930	0.0810
0.1390	0.5640	0.0900	0.2070
0.2870	0.5250	0.0880	0.1000
0.1520	0.0700	0.7610	0.0170
0.0240	0.8240	0.1200	0.0320
0.0100	0.0180	0.0100	0.9620
0.9360	0.0440	0.0100	0.0100
0.9700	0.0100	0.0100	0.0100
0.0100	0.0100	0.0100	0.9700
0.0100	0.0100	0.0530	0.9270
0.9080	0.0100	0.0720	0.0100
0.0210	0.1580	0.7610	0.0600
0.0440	0.5310	0.2310	0.1940
0.1250	0.1840	0.4010	0.2900
0.0930	0.1470	0.3770	0.3830
0.3400	0.1020	0.0570	0.5010
