0.4720	0.1560	0.1300	0.2420
0.3360	0.2170	0.2370	0.2100
0.3980	0.1280	0.0450	0.4290
0.2630	0.4570	0.1000	0.1800
0.2780	0.1140	0.5200	0.0880
0.0700	0.4020	0.0130	0.5150
0.0260	0.0100	0.0100	0.9540
0.9700	0.0100	0.0100	0.0100
0.9700	0.0100	0.0100	0.0100
0.0100	0.0100	0.0100	0.9700
0.0100	0.9680	0.0100	0.0120
0.0100	0.9540	0.0100	0.0260
0.0300	0.4410	0.4000	0.1290
0.0830	0.3610	0.0760	0.4800
0.2190	0.1200	0.2370	0.4240
0.2570	0.2300	0.1250	0.3880
0.3140	0.3090	0.2640	0.1130
