0.3860	0.1220	0.3360	0.1560
0.2150	0.5040	0.2000	0.0810
0.2270	0.0700	0.5590	0.1440
0.0870	0.1550	0.6600	0.0980
0.0880	0.5970	0.0110	0.3040
0.2380	0.6310	0.0200	0.1110
0.8760	0.0100	0.1040	0.0100
0.0230	0.0100	0.0100	0.9570
0.6310	0.0100	0.0100	0.3490
0.9550	0.0100	0.0100	0.0250
0.9330	0.0120	0.0100	0.0450
0.7590	0.0230	0.0310	0.1870
0.3200	0.1630	0.0620	0.4550
0.1750	0.1280	0.1670	0.5300
0.5120	0.1320	0.1470	0.2090
0.3820	0.0910	0.2760	0.2510
0.3830	0.0800	0.1110	0.4260
