0.3850	0.0510	0.1090	0.4550
0.4630	0.1550	0.2820	0.1000
0.4090	0.2260	0.1260	0.2390
0.4020	0.1450	0.4010	0.0520
0.0410	0.4540	0.2100	0.2950
0.0100	0.1430	0.0100	0.8370
0.9130	0.0650	0.0120	0.0100
0.9700	0.0100	0.0100	0.0100
0.0100	0.0100	0.0100	0.9700
0.0100	0.0120	0.0650	0.9130
0.8370	0.0100	0.1430	0.0100
0.2950	0.2100	0.4540	0.0410
0.0440	0.5770	0.1020	0.2770
0.0670	0.0830	0.1850	0.6650
0.2200	0.2180	0.3220	0.2400
0.2350	0.1730	0.2730	0.3190
0.3200	0.2000	0.1840	0.2960
