0.1950	0.3000	0.0700	0.4350
0.3830	0.2360	0.1180	0.2630
0.4340	0.1510	0.2330	0.1820
0.3190	0.1930	0.3290	0.1590
0.0780	0.0580	0.8540	0.0100
0.0100	0.0220	0.0100	0.9580
0.0110	0.9690	0.0100	0.0100
0.1720	0.0100	0.8080	0.0100
0.0100	0.0100	0.0100	0.9700
0.8400	0.0100	0.0100	0.1400
0.9700	0.0100	0.0100	0.0100
0.9700	0.0100	0.0100	0.0100
0.6260	0.1640	0.0220	0.1880
0.2760	0.1930	0.1230	0.4080
0.2290	0.3510	0.1540	0.2660
0.2490	0.3030	0.1710	0.2770
0.1790	0.1580	0.1960	0.4670
