0.2500	0.2500	0.1450	0.3550
0.3430	0.1990	0.1100	0.3480
0.2070	0.2100	0.1790	0.4040
0.3820	0.1800	0.1650	0.2730
0.8530	0.0220	0.0200	0.1050
0.1220	0.0250	0.0310	0.8220
0.2360	0.0170	0.0210	0.7260
0.8200	0.0190	0.1230	0.0380
0.0380	0.1230	0.0190	0.8200
0.7260	0.0210	0.0170	0.2360
0.8220	0.0310	0.0250	0.1220
0.1050	0.0200	0.0220	0.8530
0.3620	0.0780	0.1250	0.4350
0.4050	0.0740	0.2550	0.2660
0.3920	0.0820	0.2120	0.3140
0.2350	0.1470	0.3290	0.2890
