0.3370	0.2210	0.3070	0.1350
0.2510	0.1260	0.3950	0.2280
0.3190	0.0870	0.1510	0.4430
0.3690	0.0510	0.0920	0.4880
0.3600	0.0890	0.0650	0.4860
0.0200	0.1630	0.0160	0.8010
0.0160	0.0240	0.0100	0.9500
0.9700	0.0100	0.0100	0.0100
0.9700	0.0100	0.0100	0.0100
0.0150	0.0100	0.0100	0.9650
0.0170	0.0100	0.0100	0.9630
0.9560	0.0100	0.0240	0.0100
0.8020	0.0160	0.1630	0.0190
0.2420	0.1160	0.1160	0.5260
0.2840	0.0980	0.1880	0.4300
0.2520	0.2560	0.1360	0.3560
0.1410	0.2490	0.3510	0.2590
