0.4480	0.0820	0.1410	0.3290
0.3540	0.1790	0.2320	0.2350
0.3000	0.1970	0.1920	0.3110
0.2690	0.2280	0.2600	0.2430
0.3250	0.0100	0.0380	0.6270
0.9070	0.0130	0.0160	0.0640
0.0100	0.9350	0.0100	0.0450
0.8980	0.0100	0.0190	0.0730
0.0820	0.0190	0.0100	0.8890
0.0470	0.0100	0.9330	0.0100
0.0640	0.0160	0.0130	0.9070
0.6270	0.0380	0.0100	0.3250
0.5640	0.1930	0.0990	0.1440
0.4610	0.0790	0.1560	0.3040
0.5130	0.1080	0.1260	0.2530
0.1950	0.3210	0.2410	0.2430
0.3850	0.1380	0.1500	0.3270
