0.1440	0.3170	0.2070	0.3320
0.3640	0.2750	0.1430	0.2180
0.1670	0.5610	0.1770	0.0950
0.0100	0.9480	0.0320	0.0100
0.4010	0.2510	0.1200	0.2280
0.0100	0.0110	0.0100	0.9690
0.7610	0.0100	0.2190	0.0100
0.0430	0.0100	0.9370	0.0100
0.0100	0.9530	0.0100	0.0270
0.9480	0.0100	0.0320	0.0100
0.9700	0.0100	0.0100	0.0100
0.0100	0.9700	0.0100	0.0100
0.1150	0.3490	0.4640	0.0720
0.2800	0.1820	0.3740	0.1640
0.2820	0.1830	0.2190	0.3160
