0.1660	0.3390	0.2320	0.2630
0.1450	0.2540	0.2080	0.3930
0.1650	0.4720	0.1490	0.2140
0.1850	0.1300	0.3670	0.3180
0.2400	0.2800	0.2320	0.2480
0.3060	0.1820	0.2830	0.2290
0.0690	0.3400	0.0700	0.5210
0.0150	0.6830	0.0190	0.2830
0.0100	0.0300	0.0100	0.9500
0.0100	0.9700	0.0100	0.0100
0.0160	0.0100	0.9640	0.0100
0.9500	0.0100	0.0300	0.0100
0.2830	0.0190	0.6830	0.0150
0.5210	0.0700	0.3400	0.0690
0.2720	0.1290	0.3630	0.2360
0.4200	0.1610	0.3190	0.1000
0.0760	0.2350	0.1210	0.5680
0.1310	0.1290	0.4640	0.2760
0.2640	0.3130	0.1780	0.2450
0.2550	0.1100	0.4500	0.1850
