0.3280	0.1940	0.1110	0.3670
0.4000	0.1400	0.1700	0.2900
0.3940	0.1450	0.1810	0.2800
0.4090	0.1290	0.2620	0.2000
0.0590	0.6330	0.1200	0.1880
0.1810	0.0750	0.0100	0.7340
0.0100	0.0100	0.9700	0.0100
0.9700	0.0100	0.0100	0.0100
0.0100	0.0100	0.0100	0.9700
0.9620	0.0100	0.0100	0.0180
0.9700	0.0100	0.0100	0.0100
0.0450	0.1470	0.7810	0.0270
0.4860	0.1280	0.3390	0.0470
0.4190	0.1800	0.2750	0.1260
0.2250	0.1950	0.3340	0.2460
0.4790	0.1370	0.1620	0.2220
0.2320	0.2190	0.2270	0.3220
