0.2450	0.1980	0.2780	0.2790
0.2440	0.1360	0.2780	0.3420
0.5120	0.1300	0.1390	0.2190
0.1900	0.0860	0.1250	0.5990
0.1550	0.3260	0.1940	0.3250
0.3850	0.1310	0.0350	0.4490
0.9450	0.0100	0.0120	0.0330
0.0100	0.0270	0.0100	0.9530
0.0210	0.0100	0.0100	0.9590
0.1490	0.0390	0.8020	0.0100
0.1110	0.0100	0.0100	0.8690
0.0870	0.1000	0.0600	0.7530
0.2510	0.4330	0.0820	0.2340
0.2510	0.1750	0.1480	0.4260
0.2050	0.1380	0.2960	0.3610
0.3170	0.1520	0.1640	0.3670
0.4760	0.1290	0.1540	0.2410
