0.1250	0.2280	0.1140	0.5330
0.4170	0.2370	0.0250	0.3210
0.8450	0.0100	0.0100	0.1350
0.0110	0.0120	0.0100	0.9670
0.0220	0.0100	0.0100	0.9580
0.0480	0.0120	0.9260	0.0140
0.0240	0.0100	0.0100	0.9560
0.0360	0.0640	0.0230	0.8770
0.2280	0.4240	0.1750	0.1730
0.1580	0.1100	0.0700	0.6620
0.2910	0.2590	0.2030	0.2470
0.5660	0.1100	0.1050	0.2190
0.4210	0.1490	0.0920	0.3380
0.2730	0.2810	0.1970	0.2490
