0.2310	0.3750	0.2130	0.1810
0.3080	0.1980	0.3360	0.1580
0.1470	0.3550	0.1180	0.3800
0.4110	0.1760	0.1840	0.2290
0.4730	0.1020	0.3880	0.0370
0.0100	0.1160	0.0100	0.8640
0.0100	0.0350	0.0100	0.9450
0.9700	0.0100	0.0100	0.0100
0.9690	0.0100	0.0110	0.0100
0.0100	0.0110	0.0100	0.9690
0.0100	0.0100	0.0100	0.9700
0.9450	0.0100	0.0350	0.0100
0.8640	0.0100	0.1160	0.0100
0.0600	0.4230	0.0870	0.4300
0.2350	0.1050	0.2830	0.3770
0.2220	0.1810	0.3460	0.2510
0.1240	0.1220	0.6050	0.1490
