0.4460	0.2100	0.1240	0.2200
0.2720	0.2180	0.2450	0.2650
0.3690	0.1850	0.1680	0.2780
0.3480	0.0340	0.5830	0.0350
0.0400	0.0860	0.0130	0.8610
0.8230	0.1570	0.0100	0.0100
0.8350	0.0690	0.0100	0.0860
0.9680	0.0100	0.0100	0.0120
0.0100	0.9100	0.0100	0.0700
0.9480	0.0100	0.0100	0.0320
0.5990	0.1710	0.0660	0.1640
0.7090	0.0360	0.0710	0.1840
0.3030	0.2870	0.1850	0.2250
0.2860	0.1840	0.2490	0.2810
0.2350	0.2110	0.2540	0.3000
0.2200	0.1590	0.2870	0.3340
