0.1570	0.5860	0.1470	0.1100
0.1020	0.2370	0.5640	0.0970
0.1930	0.4360	0.1620	0.2090
0.4000	0.1470	0.2880	0.1650
0.0240	0.3420	0.0130	0.6210
0.0100	0.0760	0.0100	0.9040
0.9700	0.0100	0.0100	0.0100
0.9700	0.0100	0.0100	0.0100
0.0100	0.0100	0.0100	0.9700
0.0100	0.0100	0.0100	0.9700
0.9040	0.0100	0.0760	0.0100
0.6210	0.0130	0.3420	0.0240
0.1710	0.2310	0.1820	0.4160
0.2880	0.2770	0.1310	0.3040
0.3580	0.2330	0.1880	0.2210
0.2350	0.2860	0.2470	0.2320
0.1220	0.4270	0.2140	0.2370
