0.5840	0.1470	0.1980	0.0710
0.4280	0.3540	0.0900	0.1280
0.1960	0.0960	0.5940	0.1140
0.1890	0.0480	0.4830	0.2800
0.0100	0.0910	0.0100	0.8890
0.9450	0.0350	0.0100	0.0100
0.9700	0.0100	0.0100	0.0100
0.0100	0.0100	0.0100	0.9700
0.0130	0.0100	0.0350	0.9420
0.8890	0.0100	0.0910	0.0100
0.1520	0.6770	0.0880	0.0830
0.1140	0.5940	0.0960	0.1960
0.2350	0.2710	0.0640	0.4300
0.3340	0.3250	0.1200	0.2210
0.6020	0.0760	0.0810	0.2410
0.2200	0.1670	0.2770	0.3360
