0.1710	0.3190	0.2260	0.2840
0.2960	0.2200	0.2770	0.2070
0.2080	0.2450	0.2970	0.2500
0.2980	0.3840	0.0850	0.2330
0.6810	0.1160	0.1510	0.0520
0.0290	0.3530	0.0170	0.6010
0.0100	0.1140	0.0100	0.8660
0.9690	0.0110	0.0100	0.0100
0.9700	0.0100	0.0100	0.0100
0.0100	0.0100	0.0100	0.9700
0.0100	0.0100	0.0210	0.9590
0.8810	0.0120	0.0960	0.0110
0.2890	0.0360	0.5980	0.0770
0.0540	0.2480	0.2110	0.4870
0.3290	0.1820	0.3280	0.1610
0.2560	0.2790	0.3860	0.0790
