0.3820	0.1990	0.2010	0.2180
0.0920	0.3320	0.3030	0.2730
0.1650	0.2730	0.3530	0.2090
0.3220	0.2560	0.1290	0.2930
0.8530	0.0130	0.0790	0.0550
0.0100	0.7930	0.0260	0.1710
0.0590	0.0100	0.0100	0.9210
0.0150	0.0100	0.0100	0.9650
0.0100	0.9700	0.0100	0.0100
0.0100	0.9700	0.0100	0.0100
0.0100	0.0100	0.8910	0.0890
0.0100	0.1440	0.8360	0.0100
0.2430	0.0620	0.3050	0.3900
0.4270	0.1180	0.0960	0.3590
0.2030	0.1140	0.2620	0.4210
0.1380	0.3590	0.1640	0.3390
