0.5230	0.1690	0.1400	0.1680
0.1870	0.1770	0.2460	0.3900
0.4140	0.1190	0.3090	0.1580
0.3450	0.2900	0.1300	0.2350
0.6120	0.1170	0.0990	0.1720
0.0160	0.0290	0.0150	0.9400
0.0140	0.0100	0.9620	0.0140
0.9700	0.0100	0.0100	0.0100
0.0100	0.8120	0.0100	0.1680
0.9550	0.0250	0.0100	0.0100
0.0100	0.9700	0.0100	0.0100
0.0100	0.9680	0.0120	0.0100
0.2100	0.2270	0.2110	0.3520
0.3420	0.2980	0.1050	0.2550
0.1260	0.2890	0.2450	0.3400
0.1730	0.2960	0.2520	0.2790
0.4100	0.2110	0.2960	0.0830
