0.2750	0.2110	0.2500	0.2640
0.1350	0.3280	0.2180	0.3190
0.1460	0.2430	0.2670	0.3440
0.6570	0.0100	0.3150	0.0180
0.0100	0.0100	0.0100	0.9700
0.0420	0.0100	0.9380	0.0100
0.0100	0.9580	0.0220	0.0100
0.0100	0.9700	0.0100	0.0100
0.9080	0.0720	0.0100	0.0100
0.5820	0.2120	0.1160	0.0900
0.0100	0.9270	0.0280	0.0350
0.0270	0.8000	0.0540	0.1190
0.2040	0.1910	0.1690	0.4360
0.4020	0.1540	0.2910	0.1530
0.2010	0.4140	0.1450	0.2400
0.2410	0.3330	0.1430	0.2830
