0.1290	0.6150	0.1670	0.0890
0.1750	0.2120	0.4630	0.1500
0.4630	0.3420	0.0880	0.1070
0.5080	0.0910	0.3160	0.0850
0.0810	0.2440	0.1260	0.5490
0.0210	0.0990	0.0100	0.8700
0.9310	0.0490	0.0100	0.0100
0.9700	0.0100	0.0100	0.0100
0.0170	0.0100	0.0100	0.9630
0.0100	0.0100	0.0490	0.9310
0.8780	0.0100	0.0990	0.0130
0.5480	0.1260	0.2440	0.0820
0.1000	0.2150	0.1040	0.5810
0.3430	0.1710	0.1340	0.3520
0.6760	0.1480	0.0970	0.0790
0.2330	0.2890	0.1900	0.2880
0.2490	0.2170	0.1980	0.3360
