0.4620	0.2240	0.1190	0.1950
0.5740	0.1780	0.0850	0.1630
0.5090	0.2990	0.0470	0.1450
0.7820	0.0360	0.1330	0.0490
0.9060	0.0180	0.0660	0.0100
0.1850	0.4430	0.1680	0.2040
0.0100	0.9390	0.0100	0.0410
0.9430	0.0100	0.0370	0.0100
0.9630	0.0100	0.0100	0.0170
0.0100	0.0100	0.0100	0.9700
0.0100	0.0100	0.0100	0.9700
0.9700	0.0100	0.0100	0.0100
0.7280	0.0230	0.1410	0.1080
0.1010	0.3300	0.3480	0.2210
0.3920	0.2120	0.1470	0.2490
0.3240	0.2710	0.1240	0.2810
