0.2220	0.1770	0.2660	0.3350
0.2760	0.3600	0.1180	0.2460
0.1060	0.2680	0.2340	0.3920
0.2440	0.4070	0.1470	0.2020
0.8520	0.0510	0.0400	0.0570
0.8110	0.0130	0.1660	0.0100
0.8920	0.0100	0.0880	0.0100
0.0100	0.0100	0.9700	0.0100
0.0100	0.0100	0.8980	0.0820
0.0100	0.0100	0.0100	0.9700
0.0100	0.9700	0.0100	0.0100
0.9460	0.0100	0.0340	0.0100
0.1810	0.5180	0.0770	0.2240
0.1840	0.3850	0.3080	0.1230
0.2300	0.2290	0.2240	0.3170
0.2180	0.1700	0.3670	0.2450
