0.3290	0.2170	0.1750	0.2790
0.2070	0.0950	0.2040	0.4940
0.2220	0.1490	0.3470	0.2820
0.2610	0.1550	0.3190	0.2650
0.3780	0.2630	0.1370	0.2220
0.7610	0.0100	0.1500	0.0790
0.8260	0.0100	0.0900	0.0740
0.0260	0.9540	0.0100	0.0100
0.0100	0.8220	0.1580	0.0100
0.0100	0.0100	0.9700	0.0100
0.0100	0.0100	0.0100	0.9700
0.0140	0.2250	0.0100	0.7510
0.6830	0.0200	0.1840	0.1130
0.3120	0.1890	0.1060	0.3930
0.3300	0.2350	0.0840	0.3510
0.2900	0.3030	0.0820	0.3250
0.2350	0.2150	0.2150	0.3350
