0.2690	0.1210	0.1660	0.4440
0.1890	0.2400	0.1760	0.3950
0.3680	0.1400	0.1630	0.3290
0.4980	0.1060	0.2830	0.1130
0.1310	0.0900	0.6200	0.1590
0.8250	0.0240	0.1250	0.0260
0.9590	0.0100	0.0110	0.0200
0.0200	0.8990	0.0150	0.0660
0.9440	0.0100	0.0140	0.0320
0.9500	0.0100	0.0300	0.0100
0.0380	0.0250	0.0100	0.9270
0.4660	0.0170	0.0790	0.4380
0.4160	0.0860	0.1160	0.3820
0.3570	0.1030	0.1790	0.3610
0.2070	0.2050	0.1200	0.4680
0.3030	0.1640	0.0720	0.4610
