0.2530	0.1820	0.2730	0.2920
0.2630	0.3820	0.1540	0.2010
0.1430	0.2430	0.2430	0.3710
0.2470	0.3370	0.1760	0.2400
0.8570	0.0370	0.0490	0.0570
0.7970	0.0130	0.1760	0.0140
0.7900	0.0100	0.1900	0.0100
0.0100	0.0100	0.9700	0.0100
0.0100	0.0100	0.9700	0.0100
0.0100	0.0100	0.0190	0.9610
0.0100	0.9570	0.0100	0.0230
0.9080	0.0100	0.0720	0.0100
0.3070	0.3270	0.0790	0.2870
0.2390	0.2460	0.3840	0.1310
0.2820	0.2350	0.2260	0.2570
0.2120	0.2130	0.3640	0.2110
