0.4200	0.1820	0.1610	0.2370
0.5930	0.0560	0.2020	0.1490
0.6530	0.0170	0.0550	0.2750
0.3390	0.1030	0.0500	0.5080
0.1720	0.0790	0.2670	0.4820
0.0450	0.0330	0.0100	0.9120
0.0100	0.0100	0.9700	0.0100
0.0340	0.9460	0.0100	0.0100
0.0160	0.0100	0.0100	0.9640
0.0200	0.0100	0.9300	0.0400
0.9700	0.0100	0.0100	0.0100
0.0130	0.8870	0.0190	0.0810
0.2600	0.1120	0.2430	0.3850
0.3280	0.1500	0.0950	0.4270
0.5420	0.1060	0.2420	0.1100
0.2590	0.0680	0.4930	0.1800
0.3060	0.3070	0.1680	0.2190
