0.3310	0.1180	0.2790	0.2720
0.6050	0.1040	0.0660	0.2250
0.1800	0.0520	0.1320	0.6360
0.4310	0.1740	0.3230	0.0720
0.1320	0.0380	0.8130	0.0170
0.0230	0.0340	0.9150	0.0280
0.1390	0.0130	0.8380	0.0100
0.0100	0.0100	0.0470	0.9330
0.9490	0.0100	0.0310	0.0100
0.0100	0.0100	0.0100	0.9700
0.0100	0.9700	0.0100	0.0100
0.9470	0.0100	0.0180	0.0250
0.3740	0.3050	0.0640	0.2570
0.2670	0.2100	0.2170	0.3060
0.2950	0.1270	0.0940	0.4840
0.3540	0.1960	0.1770	0.2730
0.0950	0.1100	0.1920	0.6030
