0.2190	0.2430	0.1960	0.3420
0.2420	0.0940	0.2340	0.4300
0.2420	0.1560	0.3660	0.2360
0.3700	0.1860	0.2190	0.2250
0.3910	0.2110	0.0980	0.3000
0.7820	0.0120	0.1580	0.0480
0.8380	0.0100	0.0850	0.0670
0.0270	0.9530	0.0100	0.0100
0.0100	0.8290	0.1510	0.0100
0.0100	0.0100	0.9700	0.0100
0.0100	0.0100	0.0100	0.9700
0.0100	0.1670	0.0100	0.8130
0.7100	0.0100	0.2040	0.0760
0.3160	0.2390	0.1400	0.3050
0.2550	0.2370	0.0900	0.4180
0.2900	0.3100	0.0680	0.3320
0.2630	0.2150	0.2170	0.3050
