0.1410	0.4490	0.1570	0.2530
0.4560	0.1140	0.3090	0.1210
0.4770	0.1680	0.1290	0.2260
0.4260	0.2180	0.2820	0.0740
0.1030	0.0370	0.3970	0.4630
0.0290	0.0880	0.0100	0.8730
0.9140	0.0220	0.0100	0.0540
0.9600	0.0100	0.0140	0.0160
0.0190	0.0140	0.0100	0.9570
0.0550	0.0100	0.0220	0.9130
0.8770	0.0100	0.0880	0.0250
0.4640	0.3970	0.0370	0.1020
0.1180	0.2190	0.2410	0.4220
0.3840	0.0940	0.1600	0.3620
0.4600	0.1560	0.2310	0.1530
0.3200	0.2720	0.2130	0.1950
0.3170	0.1820	0.2320	0.2690
