0.3500	0.1390	0.2090	0.3020
0.0800	0.3590	0.3070	0.2540
0.1460	0.2140	0.3510	0.2890
0.3170	0.1990	0.0960	0.3880
0.8690	0.0100	0.0890	0.0320
0.0100	0.8270	0.0140	0.1490
0.0450	0.0100	0.0100	0.9350
0.0110	0.0100	0.0100	0.9690
0.0100	0.9700	0.0100	0.0100
0.0100	0.9700	0.0100	0.0100
0.0100	0.0100	0.8810	0.0990
0.0100	0.1080	0.8680	0.0140
0.1570	0.0550	0.3970	0.3910
0.4210	0.0490	0.0840	0.4460
0.2240	0.0680	0.2040	0.5040
0.1440	0.3240	0.1320	0.4000
