0.3810	0.2040	0.1380	0.2770
0.2730	0.4430	0.1580	0.1260
0.3320	0.3580	0.1670	0.1430
0.2890	0.3890	0.2530	0.0690
0.0600	0.8530	0.0490	0.0380
0.0100	0.1700	0.0100	0.8100
0.8480	0.0140	0.1280	0.0100
0.9700	0.0100	0.0100	0.0100
0.0100	0.0100	0.0100	0.9700
0.0100	0.1280	0.0140	0.8480
0.8100	0.0100	0.1700	0.0100
0.0380	0.0490	0.8530	0.0600
0.0230	0.7290	0.0900	0.1580
0.1400	0.1210	0.4920	0.2470
0.1490	0.1190	0.4990	0.2330
0.0760	0.1860	0.1960	0.5420
0.1810	0.1360	0.5130	0.1700
