0.2540	0.2270	0.3050	0.2140
0.3660	0.2010	0.0960	0.3370
0.4400	0.0970	0.3350	0.1280
0.4560	0.1470	0.2180	0.1790
0.4670	0.0880	0.1400	0.3050
0.0100	0.8520	0.0170	0.1210
0.0100	0.0100	0.0330	0.9470
0.6880	0.0100	0.2920	0.0100
0.0100	0.0100	0.9700	0.0100
0.0100	0.0100	0.0120	0.9680
0.1110	0.0100	0.0100	0.8690
0.9370	0.0100	0.0210	0.0320
0.6370	0.0580	0.1030	0.2020
0.1300	0.4410	0.1350	0.2940
0.3330	0.1280	0.2620	0.2770
0.2530	0.1120	0.2000	0.4350
0.0740	0.4270	0.3060	0.1930
