0.3410	0.2280	0.0920	0.3390
0.3800	0.1570	0.1770	0.2860
0.2080	0.1760	0.2340	0.3820
0.1390	0.4590	0.1090	0.2930
0.6670	0.0990	0.0300	0.2040
0.8970	0.0310	0.0150	0.0570
0.0600	0.0260	0.0200	0.8940
0.1300	0.0210	0.0280	0.8210
0.0560	0.6740	0.2400	0.0300
0.9040	0.0280	0.0190	0.0490
0.5880	0.0680	0.0500	0.2940
0.1580	0.0710	0.0460	0.7250
0.4970	0.1170	0.1500	0.2360
0.3580	0.2660	0.1690	0.2070
0.2990	0.1110	0.2850	0.3050
0.1350	0.1620	0.3190	0.3840
