0.2460	0.1950	0.2290	0.3300
0.3690	0.1680	0.2380	0.2250
0.3080	0.1110	0.2900	0.2910
0.7600	0.0300	0.1620	0.0480
0.9530	0.0100	0.0100	0.0270
0.0100	0.9400	0.0180	0.0320
0.9700	0.0100	0.0100	0.0100
0.9700	0.0100	0.0100	0.0100
0.6200	0.0100	0.0100	0.3600
0.1450	0.0100	0.8350	0.0100
0.3030	0.1360	0.5450	0.0160
0.2720	0.3310	0.3170	0.0800
0.2980	0.2300	0.2880	0.1840
0.2820	0.2290	0.1590	0.3300
