0.2300	0.1290	0.2140	0.4270
0.3590	0.1210	0.1630	0.3570
0.2280	0.3450	0.1620	0.2650
0.2850	0.0770	0.2280	0.4100
0.7610	0.0100	0.2170	0.0120
0.8510	0.0100	0.1210	0.0180
0.0100	0.0430	0.9370	0.0100
0.0100	0.1380	0.0100	0.8420
0.8420	0.0100	0.1380	0.0100
0.0100	0.9370	0.0430	0.0100
0.0210	0.1210	0.0100	0.8480
0.0180	0.2170	0.0100	0.7550
0.6920	0.1000	0.0510	0.1570
0.6290	0.0510	0.2250	0.0950
0.5700	0.1440	0.1370	0.1490
0.3030	0.0850	0.1740	0.4380
0.2030	0.2530	0.3030	0.2410
