0.2350	0.0570	0.0560	0.6520
0.2250	0.2430	0.4420	0.0900
0.3070	0.3440	0.1380	0.2110
0.3860	0.2150	0.1860	0.2130
0.0340	0.3980	0.0140	0.5540
0.0100	0.2840	0.0100	0.6960
0.9540	0.0140	0.0100	0.0220
0.9560	0.0100	0.0240	0.0100
0.0100	0.0240	0.0100	0.9560
0.0230	0.0100	0.0140	0.9530
0.6960	0.0100	0.2840	0.0100
0.5540	0.0140	0.3980	0.0340
0.1250	0.3040	0.1330	0.4380
0.1470	0.2400	0.3340	0.2790
0.1400	0.3930	0.3790	0.0880
0.3450	0.0970	0.3640	0.1940
0.4040	0.1900	0.2630	0.1430
