0.0560	0.1460	0.1130	0.6850
0.2580	0.1290	0.4310	0.1820
0.6240	0.2090	0.0950	0.0720
0.0820	0.4030	0.0420	0.4730
0.1210	0.0660	0.0150	0.7980
0.9450	0.0200	0.0230	0.0120
0.9630	0.0100	0.0100	0.0170
0.0240	0.0100	0.0100	0.9560
0.0120	0.0230	0.0200	0.9450
0.7980	0.0150	0.0660	0.1210
0.5200	0.0450	0.2800	0.1550
0.0710	0.0950	0.2090	0.6250
0.0730	0.0840	0.2820	0.5610
0.2570	0.2770	0.3060	0.1600
0.3920	0.1940	0.1980	0.2160
0.2270	0.4130	0.1740	0.1860
