0.3550	0.0690	0.2990	0.2770
0.2100	0.4080	0.2270	0.1550
0.2840	0.3750	0.1630	0.1780
0.1770	0.1810	0.3420	0.3000
0.1070	0.2040	0.0600	0.6290
0.8770	0.0100	0.1030	0.0100
0.0100	0.7040	0.0100	0.2760
0.0150	0.0100	0.0100	0.9650
0.0100	0.0100	0.0100	0.9700
0.0100	0.9700	0.0100	0.0100
0.0100	0.9700	0.0100	0.0100
0.0100	0.0100	0.9400	0.0400
0.0180	0.2000	0.7620	0.0200
0.2310	0.2700	0.1200	0.3790
0.2330	0.0940	0.0350	0.6380
0.1950	0.1820	0.1750	0.4480
0.1450	0.2940	0.3360	0.2250
