0.1720	0.2370	0.1940	0.3970
0.3650	0.1260	0.1150	0.3940
0.1540	0.3300	0.2140	0.3020
0.4120	0.2870	0.0230	0.2780
0.9260	0.0100	0.0100	0.0540
0.0200	0.0140	0.0100	0.9560
0.0190	0.0100	0.0100	0.9610
0.1090	0.0260	0.8450	0.0200
0.0530	0.0100	0.0150	0.9220
0.1070	0.0780	0.0510	0.7640
0.2080	0.2840	0.2450	0.2630
0.2310	0.1440	0.0750	0.5500
0.3750	0.2760	0.1670	0.1820
0.4770	0.1000	0.1760	0.2470
0.3750	0.2780	0.1390	0.2080
0.3520	0.2390	0.1480	0.2610
