0.2460	0.1930	0.1990	0.3620
0.4890	0.0790	0.1570	0.2750
0.7450	0.0260	0.1020	0.1270
0.6780	0.0310	0.0640	0.2270
0.6220	0.0370	0.0350	0.3060
0.3950	0.1010	0.1230	0.3810
0.0400	0.0820	0.0100	0.8680
0.0230	0.0100	0.9350	0.0320
0.1090	0.8470	0.0100	0.0340
0.0500	0.0260	0.0100	0.9140
0.0490	0.0100	0.8220	0.1190
0.9200	0.0180	0.0170	0.0450
0.0140	0.7170	0.0370	0.2320
0.1480	0.1010	0.0930	0.6580
0.1860	0.2210	0.1690	0.4240
