0.2240	0.2810	0.2520	0.2430
0.1990	0.1910	0.2680	0.3420
0.1500	0.3200	0.2060	0.3240
0.2750	0.3030	0.2390	0.1830
0.4390	0.3310	0.0210	0.2090
0.1340	0.0270	0.8290	0.0100
0.1410	0.0100	0.8390	0.0100
0.0100	0.0100	0.9700	0.0100
0.0100	0.0100	0.8840	0.0960
0.0100	0.0100	0.0170	0.9630
0.0100	0.9700	0.0100	0.0100
0.8740	0.0900	0.0260	0.0100
0.7350	0.1070	0.0830	0.0750
0.1640	0.3160	0.1810	0.3390
0.2280	0.1760	0.1580	0.4380
0.2330	0.1940	0.3270	0.2460
0.3200	0.3130	0.1960	0.1710
