0.3200	0.3650	0.1400	0.1750
0.1970	0.2330	0.4000	0.1700
0.4140	0.2130	0.0830	0.2900
0.2910	0.2900	0.2070	0.2120
0.1110	0.4420	0.0170	0.4300
0.0620	0.2030	0.0110	0.7240
0.9020	0.0120	0.0760	0.0100
0.9490	0.0100	0.0200	0.0210
0.0280	0.0200	0.0100	0.9420
0.0100	0.0760	0.0120	0.9020
0.7240	0.0110	0.2030	0.0620
0.4290	0.0170	0.4420	0.1120
0.1200	0.1970	0.2890	0.3940
0.3990	0.2150	0.1320	0.2540
0.3090	0.3350	0.2090	0.1470
0.2630	0.1470	0.2650	0.3250
0.3700	0.1890	0.2270	0.2140
