0.2330	0.1730	0.3760	0.2180
0.3880	0.1030	0.3100	0.1990
0.0810	0.1990	0.0730	0.6470
0.2110	0.2300	0.0970	0.4620
0.5570	0.1300	0.2670	0.0460
0.1670	0.1070	0.0460	0.6800
0.0100	0.0810	0.0100	0.8990
0.9230	0.0570	0.0100	0.0100
0.9700	0.0100	0.0100	0.0100
0.0100	0.0100	0.0100	0.9700
0.0100	0.0100	0.0570	0.9230
0.8990	0.0100	0.0810	0.0100
0.6790	0.0460	0.1070	0.1680
0.0900	0.5600	0.1160	0.2340
0.1180	0.0900	0.3510	0.4410
0.1000	0.2740	0.2560	0.3700
0.1240	0.1640	0.5340	0.1780
