0.3700	0.1730	0.1630	0.2940
0.2610	0.2120	0.1940	0.3330
0.2930	0.2810	0.0730	0.3530
0.0120	0.2730	0.6970	0.0180
0.0100	0.9700	0.0100	0.0100
0.0100	0.9600	0.0100	0.0200
0.0100	0.2830	0.1240	0.5830
0.0240	0.3800	0.5430	0.0530
0.5830	0.1240	0.2830	0.0100
0.0320	0.0100	0.9480	0.0100
0.0100	0.0100	0.9700	0.0100
0.0180	0.6970	0.2730	0.0120
0.3280	0.0930	0.3340	0.2450
0.5640	0.1450	0.1400	0.1510
0.2630	0.2220	0.2420	0.2730
