0.2380	0.1030	0.2880	0.3710
0.5290	0.2410	0.0550	0.1750
0.4100	0.1740	0.1800	0.2360
0.3940	0.2220	0.2260	0.1580
0.0760	0.7140	0.1290	0.0810
0.0110	0.2020	0.0100	0.7770
0.9060	0.0100	0.0740	0.0100
0.9700	0.0100	0.0100	0.0100
0.0100	0.0100	0.0100	0.9700
0.0100	0.0740	0.0100	0.9060
0.7780	0.0100	0.2020	0.0100
0.0810	0.1290	0.7140	0.0760
0.0930	0.4230	0.2650	0.2190
0.0880	0.1060	0.2490	0.5570
0.3100	0.0900	0.1440	0.4560
0.0580	0.0850	0.1880	0.6690
0.1810	0.1230	0.5460	0.1500
