0.4540	0.1050	0.0950	0.3460
0.2320	0.1890	0.1810	0.3980
0.2330	0.2610	0.0660	0.4400
0.0120	0.4600	0.5110	0.0170
0.0100	0.9700	0.0100	0.0100
0.0100	0.8860	0.0100	0.0940
0.0100	0.3450	0.1120	0.5330
0.0360	0.3540	0.5340	0.0760
0.5330	0.1120	0.3450	0.0100
0.1110	0.0100	0.8690	0.0100
0.0100	0.0100	0.9700	0.0100
0.0170	0.5110	0.4600	0.0120
0.3130	0.0980	0.4350	0.1540
0.5700	0.1410	0.1240	0.1650
0.3260	0.1770	0.2200	0.2770
