0.5200	0.2260	0.1400	0.1140
0.2710	0.3480	0.1930	0.1880
0.1700	0.0860	0.6480	0.0960
0.1250	0.1480	0.3770	0.3500
0.0100	0.0700	0.0100	0.9100
0.8940	0.0860	0.0100	0.0100
0.9700	0.0100	0.0100	0.0100
0.0100	0.0100	0.0100	0.9700
0.0100	0.0100	0.0860	0.8940
0.9100	0.0100	0.0700	0.0100
0.1890	0.2930	0.4100	0.1080
0.0960	0.6480	0.0860	0.1700
0.2850	0.2470	0.1030	0.3650
0.2830	0.4390	0.1100	0.1680
0.6780	0.0450	0.1410	0.1360
0.2230	0.1620	0.1400	0.4750
