0.3380	0.1940	0.1940	0.2740
0.2800	0.1860	0.2000	0.3340
0.3570	0.1600	0.2790	0.2040
0.5000	0.0700	0.1670	0.2630
0.8330	0.0230	0.0850	0.0590
0.1450	0.4350	0.0410	0.3790
0.0160	0.9440	0.0100	0.0300
0.0140	0.0100	0.9660	0.0100
0.9700	0.0100	0.0100	0.0100
0.8940	0.0100	0.0100	0.0860
0.9700	0.0100	0.0100	0.0100
0.0110	0.9660	0.0130	0.0100
0.0160	0.5320	0.0100	0.4420
0.4620	0.1200	0.2370	0.1810
0.3930	0.2240	0.2300	0.1530
