0.1500	0.5890	0.1730	0.0880
0.2480	0.2190	0.3160	0.2170
0.3130	0.3160	0.1620	0.2090
0.3420	0.1230	0.4150	0.1200
0.0840	0.1680	0.0650	0.6830
0.0150	0.0970	0.0100	0.8780
0.9200	0.0600	0.0100	0.0100
0.9700	0.0100	0.0100	0.0100
0.0100	0.0100	0.0100	0.9700
0.0100	0.0100	0.0600	0.9200
0.8830	0.0100	0.0970	0.0100
0.6830	0.0650	0.1680	0.0840
0.0960	0.2240	0.1680	0.5120
0.3230	0.1810	0.1270	0.3690
0.5200	0.2010	0.1820	0.0970
0.3030	0.3160	0.0900	0.2910
0.1580	0.4040	0.1570	0.2810
