0.4020	0.1830	0.1300	0.2850
0.6370	0.0970	0.0890	0.1770
0.3070	0.1600	0.3050	0.2280
0.3420	0.1030	0.2650	0.2900
0.0920	0.1010	0.0340	0.7730
0.7990	0.0790	0.0270	0.0950
0.0100	0.0530	0.0100	0.9270
0.0170	0.0100	0.9480	0.0250
0.0870	0.8930	0.0100	0.0100
0.9690	0.0100	0.0110	0.0100
0.0310	0.0100	0.0110	0.9480
0.8940	0.0100	0.0130	0.0830
0.6660	0.0640	0.0100	0.2600
0.1700	0.0950	0.2310	0.5040
0.3430	0.1330	0.2700	0.2540
0.3710	0.1170	0.2420	0.2700
0.5980	0.0660	0.0980	0.2380
