0.3690	0.1910	0.3730	0.0670
0.3570	0.1600	0.4090	0.0740
0.5770	0.0690	0.3110	0.0430
0.1040	0.1280	0.6470	0.1210
0.0230	0.6570	0.0100	0.3100
0.4200	0.5440	0.0100	0.0260
0.9330	0.0100	0.0470	0.0100
0.0100	0.0100	0.0100	0.9700
0.7290	0.0100	0.0100	0.2510
0.9580	0.0100	0.0100	0.0220
0.9700	0.0100	0.0100	0.0100
0.8690	0.0120	0.0280	0.0910
0.3360	0.1980	0.0750	0.3910
0.2040	0.2720	0.0980	0.4260
0.2270	0.4480	0.1460	0.1790
0.2520	0.1780	0.3570	0.2130
