0.3010	0.3620	0.2780	0.0590
0.4160	0.2700	0.2490	0.0650
0.2760	0.0710	0.4950	0.1580
0.2050	0.1280	0.4490	0.2180
0.0100	0.4550	0.0100	0.5250
0.9160	0.0520	0.0220	0.0100
0.9690	0.0110	0.0100	0.0100
0.0100	0.0100	0.0110	0.9690
0.0100	0.0220	0.0520	0.9160
0.5250	0.0100	0.4550	0.0100
0.1990	0.3210	0.2770	0.2030
0.1570	0.4950	0.0710	0.2770
0.1390	0.1880	0.1800	0.4930
0.2120	0.3690	0.3110	0.1080
0.7460	0.0520	0.1280	0.0740
0.2880	0.1250	0.3150	0.2720
