0.3720	0.1030	0.3220	0.2030
0.3280	0.1820	0.1570	0.3330
0.2890	0.0850	0.2930	0.3330
0.1580	0.2280	0.4420	0.1720
0.7170	0.0490	0.2010	0.0330
0.9570	0.0100	0.0100	0.0230
0.0100	0.8630	0.0100	0.1170
0.9700	0.0100	0.0100	0.0100
0.9650	0.0100	0.0150	0.0100
0.0680	0.0100	0.0100	0.9120
0.1580	0.1080	0.4670	0.2670
0.3350	0.0920	0.5100	0.0630
0.4560	0.1830	0.1500	0.2110
0.3870	0.2410	0.1520	0.2200
0.1880	0.2700	0.1770	0.3650
0.1760	0.2440	0.1660	0.4140
