0.3780	0.0490	0.0520	0.5210
0.2900	0.1340	0.5210	0.0550
0.5510	0.1980	0.1340	0.1170
0.2630	0.2660	0.3250	0.1460
0.0830	0.5670	0.2020	0.1480
0.0100	0.1110	0.0100	0.8690
0.7180	0.2620	0.0100	0.0100
0.9700	0.0100	0.0100	0.0100
0.0100	0.0100	0.0100	0.9700
0.0100	0.0100	0.2620	0.7180
0.8690	0.0100	0.1110	0.0100
0.1490	0.2020	0.5670	0.0820
0.0500	0.3410	0.1190	0.4900
0.1880	0.1520	0.3020	0.3580
0.3210	0.2350	0.3830	0.0610
0.3120	0.1150	0.3950	0.1780
0.4060	0.1380	0.1950	0.2610
