0.1540	0.2560	0.4530	0.1370
0.2930	0.1860	0.2340	0.2870
0.2310	0.1060	0.2180	0.4450
0.6940	0.0660	0.1110	0.1290
0.6180	0.1450	0.0990	0.1380
0.0700	0.2410	0.0100	0.6790
0.0140	0.0300	0.0100	0.9460
0.9660	0.0140	0.0100	0.0100
0.9700	0.0100	0.0100	0.0100
0.0140	0.0100	0.0100	0.9660
0.0100	0.0100	0.0480	0.9320
0.9550	0.0170	0.0100	0.0180
0.3590	0.0190	0.5330	0.0890
0.0890	0.1640	0.2680	0.4790
0.2470	0.1370	0.2810	0.3350
0.2420	0.2550	0.2070	0.2960
0.2840	0.1450	0.3550	0.2160
