0.3560	0.1820	0.1200	0.3420
0.5410	0.1330	0.1190	0.2070
0.4020	0.1620	0.1160	0.3200
0.3110	0.1650	0.2840	0.2400
0.1980	0.0100	0.0310	0.7610
0.9470	0.0140	0.0100	0.0290
0.0100	0.9580	0.0100	0.0220
0.9470	0.0100	0.0160	0.0270
0.0350	0.0160	0.0100	0.9390
0.0270	0.0100	0.9530	0.0100
0.0280	0.0100	0.0140	0.9480
0.7640	0.0310	0.0100	0.1950
0.3730	0.2660	0.1820	0.1790
0.4000	0.1020	0.2140	0.2840
0.4780	0.1100	0.1150	0.2970
0.3180	0.2150	0.2120	0.2550
0.1310	0.0630	0.0700	0.7360
