0.2080	0.2250	0.2430	0.3240
0.2810	0.1930	0.0890	0.4370
0.2440	0.0970	0.4110	0.2480
0.3160	0.0980	0.3590	0.2270
0.2860	0.1700	0.3700	0.1740
0.1290	0.0660	0.5620	0.2430
0.0100	0.0770	0.0100	0.9030
0.9130	0.0460	0.0100	0.0310
0.9700	0.0100	0.0100	0.0100
0.0130	0.0100	0.0100	0.9670
0.0370	0.0100	0.0460	0.9070
0.9030	0.0100	0.0770	0.0100
0.3480	0.3340	0.0380	0.2800
0.1750	0.3700	0.1700	0.2850
0.2060	0.0960	0.4170	0.2810
0.0870	0.1570	0.1660	0.5900
