0.4010	0.1440	0.2690	0.1860
0.4300	0.1690	0.2210	0.1800
0.1730	0.2680	0.2740	0.2850
0.1510	0.2970	0.2910	0.2610
0.1330	0.2830	0.4350	0.1490
0.0430	0.9370	0.0100	0.0100
0.8770	0.0100	0.1030	0.0100
0.0100	0.9360	0.0440	0.0100
0.0120	0.0100	0.0100	0.9680
0.0100	0.0100	0.9700	0.0100
0.0100	0.9040	0.0720	0.0140
0.9080	0.0570	0.0180	0.0170
0.0760	0.3300	0.2290	0.3650
0.1450	0.1630	0.1770	0.5150
0.1250	0.3280	0.2960	0.2510
0.1450	0.3140	0.3020	0.2390
0.1080	0.2420	0.3500	0.3000
