0.2170	0.1960	0.2240	0.3630
0.3990	0.1560	0.2710	0.1740
0.7910	0.0220	0.1270	0.0600
0.2120	0.1450	0.3490	0.2940
0.0240	0.8390	0.1270	0.0100
0.0100	0.9420	0.0100	0.0380
0.9690	0.0100	0.0100	0.0110
0.0170	0.9630	0.0100	0.0100
0.0100	0.0100	0.0100	0.9700
0.0100	0.0590	0.0100	0.9210
0.6660	0.0110	0.3130	0.0100
0.7570	0.0110	0.0320	0.2000
0.3360	0.3590	0.2770	0.0280
0.4400	0.1990	0.1120	0.2490
0.1270	0.2100	0.0400	0.6230
0.0880	0.2330	0.0330	0.6460
