0.3590	0.2120	0.2640	0.1650
0.3030	0.2540	0.1110	0.3320
0.4210	0.1110	0.2110	0.2570
0.7700	0.0630	0.0320	0.1350
0.3120	0.0510	0.4090	0.2280
0.0980	0.1410	0.7200	0.0410
0.0100	0.0140	0.9660	0.0100
0.0140	0.9660	0.0100	0.0100
0.0100	0.0130	0.9670	0.0100
0.0100	0.9200	0.0600	0.0100
0.0100	0.1020	0.8720	0.0160
0.0200	0.8980	0.0140	0.0680
0.1140	0.3470	0.4090	0.1300
0.3310	0.2790	0.0850	0.3050
0.3200	0.1370	0.0440	0.4990
