0.2870	0.1390	0.1240	0.4500
0.2790	0.2140	0.2780	0.2290
0.1970	0.1720	0.3400	0.2910
0.3440	0.0890	0.1980	0.3690
0.2180	0.0690	0.4850	0.2280
0.7960	0.0490	0.0870	0.0680
0.9330	0.0100	0.0100	0.0470
0.0190	0.8930	0.0130	0.0750
0.9600	0.0100	0.0100	0.0200
0.9670	0.0100	0.0100	0.0130
0.0860	0.0170	0.0100	0.8870
0.4760	0.0130	0.0980	0.4130
0.3050	0.0980	0.4640	0.1330
0.4580	0.1190	0.3080	0.1150
0.2050	0.2410	0.2250	0.3290
0.3280	0.1790	0.1160	0.3770
0.1880	0.1850	0.1920	0.4350
