0.1330	0.3750	0.2530	0.2390
0.3050	0.4510	0.0940	0.1500
0.1250	0.7240	0.0280	0.1230
0.1290	0.7550	0.0450	0.0710
0.1180	0.8100	0.0370	0.0350
0.0470	0.8170	0.0770	0.0590
0.0470	0.7910	0.1440	0.0180
0.0600	0.0880	0.6650	0.1870
0.0590	0.0770	0.8170	0.0470
0.0360	0.0370	0.8100	0.1170
0.0700	0.0450	0.7550	0.1300
0.1230	0.0280	0.7240	0.1250
0.1040	0.0690	0.6360	0.1910
0.0710	0.1980	0.5810	0.1500
0.1470	0.2350	0.2300	0.3880
