0.3340	0.0930	0.3650	0.2080
0.7200	0.0790	0.0790	0.1220
0.2290	0.0540	0.1690	0.5480
0.4740	0.0990	0.3220	0.1050
0.0720	0.0690	0.8180	0.0410
0.0160	0.0220	0.8950	0.0670
0.1620	0.0100	0.8180	0.0100
0.0100	0.0100	0.0430	0.9370
0.9490	0.0100	0.0310	0.0100
0.0100	0.0100	0.0100	0.9700
0.0130	0.9670	0.0100	0.0100
0.9170	0.0270	0.0330	0.0230
0.1860	0.4460	0.0940	0.2740
0.2480	0.2320	0.2000	0.3200
0.4030	0.0840	0.1090	0.4040
0.3360	0.2170	0.1770	0.2700
0.0750	0.1070	0.2400	0.5780
