0.3450	0.2570	0.1220	0.2760
0.2700	0.3080	0.2200	0.2020
0.1990	0.2760	0.1980	0.3270
0.3000	0.3090	0.2720	0.1190
0.0390	0.8640	0.0130	0.0840
0.0100	0.3940	0.0100	0.5860
0.9700	0.0100	0.0100	0.0100
0.9700	0.0100	0.0100	0.0100
0.0100	0.0100	0.0100	0.9700
0.0100	0.0100	0.0100	0.9700
0.5860	0.0100	0.3940	0.0100
0.0840	0.0130	0.8640	0.0390
0.1170	0.2110	0.3280	0.3440
0.1420	0.2960	0.2830	0.2790
0.1650	0.2240	0.4720	0.1390
0.3240	0.1030	0.1660	0.4070
