0.0960	0.2890	0.4540	0.1610
0.1550	0.2370	0.2070	0.4010
0.6420	0.2120	0.0880	0.0580
0.0920	0.2230	0.3940	0.2910
0.0250	0.0590	0.0100	0.9060
0.9310	0.0350	0.0100	0.0240
0.9650	0.0100	0.0100	0.0150
0.0250	0.0100	0.0100	0.9550
0.0310	0.0100	0.0350	0.9240
0.9130	0.0100	0.0590	0.0180
0.4020	0.3140	0.1660	0.1180
0.0580	0.0880	0.2120	0.6420
0.1030	0.0850	0.5570	0.2550
0.2120	0.3070	0.2480	0.2330
0.3130	0.2540	0.1460	0.2870
0.4490	0.1320	0.2870	0.1320
