0.2110	0.1720	0.4310	0.1860
0.3850	0.2340	0.2230	0.1580
0.3100	0.2060	0.1720	0.3120
0.4580	0.1010	0.1010	0.3400
0.6760	0.0260	0.0230	0.2750
0.1780	0.0160	0.0300	0.7760
0.0100	0.0700	0.0100	0.9100
0.9700	0.0100	0.0100	0.0100
0.9700	0.0100	0.0100	0.0100
0.0190	0.0100	0.0100	0.9610
0.0100	0.0170	0.2500	0.7230
0.8430	0.0100	0.1230	0.0240
0.2970	0.3530	0.2290	0.1210
0.0890	0.1930	0.1570	0.5610
0.1370	0.2170	0.3130	0.3330
0.1920	0.2620	0.2340	0.3120
0.0800	0.2160	0.4540	0.2500
