0.4960	0.2010	0.2340	0.0690
0.1880	0.4420	0.2330	0.1370
0.5460	0.1900	0.1710	0.0930
0.7670	0.0560	0.1210	0.0560
0.1670	0.1520	0.5740	0.1070
0.0100	0.9700	0.0100	0.0100
0.8340	0.0100	0.1460	0.0100
0.8490	0.1310	0.0100	0.0100
0.0100	0.0100	0.0100	0.9700
0.0150	0.0550	0.0100	0.9200
0.9350	0.0100	0.0110	0.0440
0.8910	0.0110	0.0230	0.0750
0.3610	0.1860	0.1100	0.3430
0.2480	0.2080	0.4080	0.1360
0.4140	0.2670	0.2670	0.0520
0.4720	0.1050	0.2460	0.1770
0.0940	0.0710	0.0930	0.7420
