0.3810	0.1350	0.2450	0.2390
0.1400	0.4200	0.1960	0.2440
0.1580	0.0980	0.4100	0.3340
0.4730	0.0970	0.3880	0.0420
0.0100	0.0290	0.0100	0.9510
0.0140	0.0140	0.8630	0.1090
0.9630	0.0100	0.0120	0.0150
0.0100	0.9490	0.0100	0.0310
0.0450	0.0100	0.9350	0.0100
0.0210	0.0120	0.0100	0.9570
0.1080	0.8630	0.0140	0.0150
0.9510	0.0100	0.0290	0.0100
0.0500	0.3580	0.1450	0.4470
0.2260	0.4480	0.1420	0.1840
0.2650	0.0980	0.4930	0.1440
0.3520	0.1800	0.2370	0.2310
