0.2840	0.2810	0.1380	0.2970
0.4000	0.1100	0.3270	0.1630
0.6380	0.0300	0.2180	0.1140
0.1850	0.1440	0.3710	0.3000
0.0170	0.8550	0.1180	0.0100
0.0100	0.9580	0.0100	0.0220
0.9480	0.0110	0.0100	0.0310
0.0240	0.9560	0.0100	0.0100
0.0100	0.0100	0.0100	0.9700
0.0100	0.0710	0.0100	0.9090
0.3930	0.0930	0.4910	0.0230
0.8700	0.0100	0.0520	0.0680
0.6320	0.1560	0.1730	0.0390
0.3630	0.1270	0.0860	0.4240
0.1330	0.2060	0.0250	0.6360
0.0950	0.2720	0.0880	0.5450
