0.2440	0.1950	0.1230	0.4380
0.6070	0.1600	0.0560	0.1770
0.4600	0.1410	0.2150	0.1840
0.1340	0.0340	0.0530	0.7790
0.0910	0.0200	0.0210	0.8680
0.1360	0.7540	0.0630	0.0470
0.9170	0.0310	0.0150	0.0370
0.4520	0.0850	0.1220	0.3410
0.0360	0.0150	0.0310	0.9180
0.0480	0.0630	0.7540	0.1350
0.8680	0.0210	0.0200	0.0910
0.7790	0.0530	0.0340	0.1340
0.1240	0.2840	0.3530	0.2390
0.2910	0.1270	0.1210	0.4610
0.3310	0.0630	0.3490	0.2570
