0.1920	0.3490	0.3000	0.1590
0.2520	0.2010	0.3150	0.2320
0.4690	0.1960	0.1380	0.1970
0.6200	0.0630	0.1970	0.1200
0.0260	0.0970	0.0250	0.8520
0.0100	0.0660	0.0100	0.9140
0.9690	0.0100	0.0110	0.0100
0.9700	0.0100	0.0100	0.0100
0.0130	0.0100	0.0100	0.9670
0.0100	0.0110	0.0100	0.9690
0.9140	0.0100	0.0660	0.0100
0.8520	0.0250	0.0970	0.0260
0.5280	0.1420	0.0720	0.2580
0.2970	0.1150	0.0630	0.5250
0.4010	0.2360	0.1580	0.2050
0.3100	0.3150	0.1460	0.2290
0.0900	0.2870	0.2050	0.4180
