0.2570	0.1590	0.2970	0.2870
0.1850	0.1590	0.2290	0.4270
0.1220	0.2460	0.3520	0.2800
0.1950	0.4950	0.1820	0.1280
0.4800	0.0650	0.3970	0.0580
0.1080	0.4670	0.0710	0.3540
0.0150	0.2990	0.0100	0.6760
0.9200	0.0600	0.0100	0.0100
0.9590	0.0100	0.0100	0.0210
0.0380	0.0100	0.0100	0.9420
0.0100	0.0100	0.0600	0.9200
0.6810	0.0100	0.2990	0.0100
0.3540	0.0710	0.4670	0.1080
0.1110	0.1540	0.1750	0.5600
0.2810	0.1460	0.3420	0.2310
0.0960	0.5650	0.2030	0.1360
0.5580	0.0550	0.0240	0.3630
