0.4680	0.2100	0.1410	0.1810
0.6070	0.1250	0.1380	0.1300
0.2810	0.4240	0.1250	0.1700
0.7490	0.0680	0.1370	0.0460
0.7240	0.0240	0.2190	0.0330
0.0760	0.6090	0.1820	0.1330
0.0100	0.7640	0.0100	0.2160
0.9510	0.0100	0.0290	0.0100
0.8900	0.0100	0.0100	0.0900
0.0100	0.0100	0.0100	0.9700
0.0100	0.0100	0.0100	0.9700
0.9700	0.0100	0.0100	0.0100
0.5470	0.0350	0.3270	0.0910
0.1200	0.1940	0.3280	0.3580
0.2750	0.1770	0.2320	0.3160
0.2240	0.4200	0.1400	0.2160
